ts,token,sembol,pair,dex,pair_olusma,fiyat,liq,fdv,mcap,vol_m5,vol_h1,vol_h6,vol_h24,al_m5,sat_m5,al_h1,sat_h1,al_h6,sat_h6,al_h24,sat_h24,deg_m5,deg_h1,deg_h6,deg_h24,boost,n_web,n_sosyal,n_pair,etiket,gt_ts,alici_m5,satici_m5,alici_h1,satici_h1,alici_h6,satici_h6,alici_h24,satici_h24,kilitli_liq
1789307100,jaJZvyVz8f7TbsfjiyVsJsKxrsp6z7PUJuyb6YEpump,NIVI,BvEdhStWjBUr5dDXBF9AdN2vSJYzU7YijCCLyw3RyLeH,pumpswap,1789111721,0.000002128,2406.93,2096,2096,0,0,10.06,15.26,0,0,0,0,1,1,1,3,,,-1.99,-2.44,0,1,1,1,,,,,,,,,,,
1789307094,2ctiMWm3BiAHQkfLpPZzJDskytNMdAw6iTkodRCq1zzE,RSI,LdfEFih7J6emtaqWdSUN8jqPiMs17iYq5RkTXpxndq1,raydium,1789111400,0.000003446,4483.71,3447,3447,0,0,32.08,465.7,0,0,0,0,1,1,3,14,,,30.57,-22.97,0,0,0,1,CPMM,,,,,,,,,,
1789307096,7wW1a1DYJq22tbYstw1VPMxk6ScgwRXdeXnphFtusuGa,OTHER,2XdQLnZ7ogfjzqA3zSpdkiBdjniCE5iD3cAt4FjoxCyr,raydium,1789111898,0.000005737,6838.94,5737,5737,0,352.04,1404.21,3564.75,0,0,3,3,17,18,43,84,,-15.74,-14.92,-42.87,0,0,1,1,CPMM,,,,,,,,,,
1789307096,8iYPW781jBDu8zkC6PFY8WpvtbHxSVMgBX8aPnNmRY3z,EMBERCAT,EiZvARbXzfx9XbMTJygS8LU8rBjwhV2Bw9ZG82cXcEku,meteora,1789024501,0.001048,104902.14,1048066,1048066,6177.6,238126.91,415741.46,1230061.34,37,31,765,732,1482,1429,4951,4388,-2.6,5.34,51.27,83.15,0,1,1,1,DYN2,,,,,,,,,,
1789307096,7k9f4PKpRKb8sQir6B5jWr3Yi5z1pDHMLwp3yivYpump,Upstonk,5SWHdPPjnSzQfZcB8JjgQ4ryiCoTT9Mi8BkFcxgRUHFh,pumpswap,1789108454,0.000001954,2070.51,1943,1943,0,0,0,0.1,0,0,0,0,0,0,0,1,,,,,0,1,2,1,,,,,,,,,,,
1789307098,CQ9FfJUVprRpa8g7k8jdEzjrqXSrcpv5rVtSqPpWpump,ZBULLISH,F5PUSirhm1tT8A8VERwEAtvtZhdohLvUDFQ2amdACuDp,pumpswap,1789112682,0.000002154,2175.81,1966,1966,0,0,0,1.34,0,0,0,0,0,3,0,12,,,-2.96,-2.14,0,0,0,1,,,,,,,,,,,
1789307098,C5tGuxaPnbxHHP6RTpAQs34x8TN8A9ZfJxcfizd2WF3u,stocklana,HwSUdcDqu1yUuvjsrVhwzSPhrfRjsxcrAWT1AMurtrt9,raydium,1789133472,0.00002807,15106.03,28072,28072,245.13,2460.06,4302.24,16667.87,5,1,31,13,50,44,204,231,6.86,99.92,81.49,-0.8,0,1,1,1,CPMM,,,,,,,,,,
1789307096,7Wayep6omwGAG89G5jTFKNDFbhgibfmJmbBzoWogpump,9/11Files,FbXaJ1YAadDwLr7Ep883T2BWGTMnTrn29M7r1eQ64pVn,pumpswap,1789133704,0.000002197,2222.04,2132,2132,0,0,4.37,246.26,0,0,0,0,0,5,1,29,,,-3.33,-22,0,0,2,1,,,,,,,,,,,
1789307097,9onanEgPer39wzrkTpV8Gvjn83FSacr8FihJ1S4Upump,NasMichi,DqAexTnAKR2UEY19vZoPe9AprbSyNECA5EtzjDNHptwL,pumpswap,1789132940,0.000002187,2460.55,2127,2127,0,0,4.42,61.5,0,0,0,0,1,3,1,13,,,-1.74,-4.81,0,1,2,1,,,,,,,,,,,
1789307098,CGwAi8WwEcte6XmbgqSAXEQF7ZLdHfrj3HDtv1NUpump,STONKY,5WNMuqfq2RuvoBCr2AzCw9Nyy5UP9EButURvpRe87Km7,pumpswap,1789133199,0.000002142,2221.68,2090,2090,0,0,2.34,84.79,0,0,0,0,2,2,60,33,,,-3.33,-3.16,0,1,1,1,,,,,,,,,,,
1789307094,2NdgMAFbWVHvXJcoAwuRkTfYn1j97THVCThWATKHSTNK,UHI,HxaoMaQrpZH947ujX9hbN16jhWAjdbBScgTqZApeNrMb,raydium,1788840437,0.00002043,12860.15,20435,20435,0,0,118.57,10925.42,0,0,0,0,0,6,81,75,,,-4.27,-67.25,0,0,1,1,CPMM,,,,,,,,,,
1789307098,D19orhRdeNGPYypFg5JgqDRhpXq53JnAQ8nTPWe3i4J6,Rock,F4MD91Xs5GLrEvs2vkekPF9srJYoJChK1vKcRM33SkzF,meteora,1788930894,0.00004216,18940.75,42164,42164,24.13,10411.37,16996.72,48965.17,3,0,72,73,148,132,452,391,-0.8,37.38,30.99,31.41,0,1,1,1,DYN2,,,,,,,,,,
1789307095,3C8NJBaCK1uTnuquThMj12UQdzmrwkx3hk5fbT7Vpump,EMBERCHUMP,DMRU5sbFSVRBDpzaDDRdkdfgMgaptyw8w6WbnQBRwP4S,pumpswap,1789134655,0.000002102,2355.99,2079,2079,0,0,0.06,26.45,0,0,0,0,0,1,18,11,,,-2.06,-3.04,0,1,2,1,,,,,,,,,,,
1789307098,DWAi7YhCF59EfLUm9nZwdwJfAyExzqvZCvyax9KakHry,WEN,H9Tc12bg2tNi6aD6cjKJHPpRwKEDjehCXbAEDdys269h,raydium,1789137974,0.00002348,12850.69,23484,23484,0,0.3,1079.48,19837.99,0,0,0,1,12,19,241,269,,-0.02,-1.17,-49.73,0,0,1,1,CPMM,,,,,,,,,,
1789307099,ErUbNDfBdQ87g5vXxmTwYVSo7wKkRTs2ArcYtodkmwXY,XRPCAT,AkuTEFTh1L2egTsMmmt1kp65B3ApjyRT4Q6jWLQHGXUW,raydium,1789085056,0.00001350,9767.28,13502,13502,0,9.76,617.38,4220.77,0,0,0,2,8,8,37,47,,-0.58,19.16,-18.89,0,1,0,1,CPMM,,,,,,,,,,
1789307097,9uHVufcAPmqVcgSyYHLnKDwUxbJ6cNznrT8wFYxkFGXX,ROCK,Hws2eHYQ845Lt3rWtc7QtYFz3CsC4tQDLmgA7cX6H5B1,meteora,1788993719,0.0001206,34783.59,120661,120661,485.11,13245.38,29445.94,91919.34,4,0,45,22,140,72,488,338,6.04,6.59,88.8,84.82,0,0,1,1,DYN2,,,,,,,,,,
1789307098,DDwHYggYCVc8XGj56UEv4bvFBhcSPhm29MPHB5Nipump,HELIUSCAT,AzA9GfDFwvAVoUZC83kAm7gGUU27SiwADV8nJZ6Uu8QV,pumpswap,1789137442,0.000002070,2288.25,2039,2039,0,0,0,12.96,0,0,0,0,0,0,1,4,,,,-0.49,0,1,1,1,,,,,,,,,,,
1789307097,9yzErCcHKpEkHAwV61yfQ4Fi24yR8s8TiPsy4gJkF1Tq,MARIE,HSzzwrHJ12Fud6gX57YLi4zbFZX8269zhygoddM3TVJk,raydium,1788967363,0.0001327,44671.42,132774,132774,2.65,2158.07,9784.96,46274.6,0,1,109,7,305,33,465,164,0.01,6.28,-33.73,-67.43,0,1,2,1,CLMM,,,,,,,,,,
1789307096,8YR5w7b4F2FtXibVbCQd9V2YhsF8HVpWFUkF2gDpump,WOTF,6nNLr4fCWHYqx3DNJg4w6dAs4T1hMXEigouzxggrGs2y,pumpswap,1789085838,0.000002322,2338.87,2323,2323,0,0,0,12.83,0,0,0,0,0,0,1,0,,,,,0,0,0,1,,,,,,,,,,,
1789307099,F9xDkmF1vy53UJ5Psd2gCro3YqP13A4PGCdiofc4pump,TWINTOWERS,6ygyDM6diGQVkDzQ9BtK3qDgNTtPbkoKBLSJ6LG6rNuK,pumpswap,1789139478,0.000002167,2207.24,2093,2093,0,0,8.38,251.94,0,0,0,0,0,3,1,19,,,-2.78,-16.02,0,0,0,1,,,,,,,,,,,
1789307100,SsU4GTsXYiQJJebEs82TBdHCH2C43hm6YobD8iBpump,VAULT,4LtHueB3HxGa7WZGB9USshaNwyajj9dd9GxMu5w3oxbs,pumpswap,1789138133,0.000002506,2532.23,2400,2400,0,0.01,25.27,106.81,0,0,0,1,0,7,1,18,,-0.5,-4.81,-10.97,0,0,0,1,,,,,,,,,,,
1789307094,29KvBXvMpBrkNNeYPYTHARb6ysNSYBcWirnnwxb7pump,BRAINSAHUR,HgT1tZg4286zzaU5vw78sPMG1aKYHFxTLVnWeHxo9GWG,pumpswap,1789140994,0.000001695,1854.14,1654,1654,0,0,0,6.46,0,0,0,0,0,3,0,30,,,-19.27,-7.55,0,1,1,1,,,,,,,,,,,
1789307097,AAHvR3SK2KKa6nGyJZnkbbauLfEWnxqZGgbHHQWG8Aqz,Quagsire,F9rhgos99z63YSZ8u3vXJAZpsLAHVRK5yALTaiFPk1FW,raydium,1788825911,0.0001093,31316.84,109386,109386,297.97,734.95,1344.81,48054.13,1,0,8,1,16,10,216,211,3.9,0.4,-1.18,-20.93,0,0,1,1,CPMM,,,,,,,,,,
1789307099,FuMvkfmjwYG5jsQ7wQkEaVi8dXuQo6QNvbyQqCm6pump,SX,HMZvnrvEiNfk6ZEKqP18GEu8FVej2Ea9JKeRfHK1rXMg,pumpswap,1789140200,0.000002184,2281.27,2099,2099,0,0,0,7.01,0,0,0,0,0,1,3,6,,,-2.26,-3.97,0,1,1,1,,,,,,,,,,,
1789307098,CWTSTpRAcmrQdNStCzWj5iBVHaSqq1wf2zX9CP9tpump,cokecat,J9wycFgfrtTMNsHAfZXZJxCkKRK7VZR6pngBZ7Px4y8H,pumpswap,1789140882,0.000002672,2606.6,2571,2571,0,0,185.77,262.76,0,0,0,0,5,7,5,19,,,10.63,3.61,0,1,1,1,,,,,,,,,,,
1789307097,9psZbS4m1hxLcJ41vjRY9dd9CRHkjc1o1saS4d5STNK,S500,HsoweMrJqdrk6bCQ9zXgd4d4u1rjPENAE2F28QwLKX7F,meteora,1789139701,0.0002498,124947.12,249826,249826,315.59,315.59,5199.88,18418.59,2,6,2,6,55,104,405,412,-0.92,-0.92,-5.23,-8.15,0,2,1,1,DYN2,,,,,,,,,,
1789307100,PkFH6bJ1dQUgocsxWjGAEkhoabGgXh6GyeVMcZfpump,WOFI,3obpGCSe3XH39X89xtgegBshCFhTkkzksFKzf31rYVzy,pumpswap,1789091425,0.000003219,3069.54,3219,3219,0,0,2.9,280.5,0,0,0,0,1,0,3,1,,,0.02,19.4,0,0,0,1,,,,,,,,,,,
1789307100,H4TqHhLbCqmcpV8GZqtv9XJhWiWhJrc4XVksKbjApump,HOMO,8Cx71UXzNpEpcJbKr31c1JwRUfvTiGTpZJPrwD1Mmix1,pumpswap,1789140947,0.000002269,2531.74,2232,2232,0,0,0.17,41.33,0,0,0,0,0,2,3,10,,,-2.09,-4.69,0,0,0,1,,,,,,,,,,,
1789307094,2RbedkHKGCfJ7NyeQBGWSParreAzSeAn6D8GHqLzpump,DELIVERY,JDAY2ptw6QikC4PHvsbL4VBGnFKRCc2XpKj2NcQjpZAS,pumpswap,1789143122,0.000002436,2533.12,2276,2276,0,0,0,605.16,0,0,0,0,0,1,10,25,,,-0.74,-20.54,0,1,2,1,,,,,,,,,,,
1789307094,2q2jMWu2jcjyCdpgJwUo6mgCFZEiBvZ5aFmJmZfXpump,ROBINPEPE,3nZyGF6CosNf1Lf2W8XX9zpETJFtwXvckXkLrC7rKSfK,pumpswap,1789143442,0.000002094,2138.06,1830,1830,0,0,0,9.69,0,0,0,0,0,3,0,12,,,-2.23,-15.24,0,0,0,1,,,,,,,,,,,
1789307095,5LVkreEGsq1VwMPSVR17Tu4gg8s26j4aj6AUmhh4pump,Barley,J6edPnmZNAMiqCgvkq7GnXYPhLhkqZ4wBpvHafYZ4ZCB,pumpswap,1789145776,0.000002025,2220.27,2000,2000,0,0,0,7.5,0,0,0,0,0,0,2,2,,,,-1.33,0,1,1,1,,,,,,,,,,,
1789307098,CeEitaSeF2dUsPmiR44Arp6GRq3TsGNNKKCyFBZ2pump,9/11,4mMRsho25AgxhKb8ytwGLy1tsD98q6HJL2T6uNtZbhGU,pumpswap,1789145380,0.000002581,2645.35,2507,2507,0,3.8,19.28,240.03,0,0,0,1,0,9,9,47,,-0.43,-3.31,-9.01,0,0,1,1,,,,,,,,,,,
1789307100,pceM9amR3UJrSQHPnUraies6B1ZrynZcK51oKCEHYwM,BRAD,9n8z27ieg4c39a9DeMX9yHZ1wuphA9aymUvFjVDtrke5,raydium,1789103767,0.000009395,8033.07,9396,9396,0,0,322.76,64728.68,0,0,0,0,8,6,466,423,,,14.23,-80.56,0,1,1,1,CPMM,,,,,,,,,,
1789307097,9JgZBnMnYJYKZyVpRMiXGDKJUdQDmUEAZmybiFgwpump,LURE,7yad8sKFuFSE822XqfAontTiNDbbtaXkLeZVzzASCwBg,pumpswap,1789146473,0.000002268,2261.28,2182,2182,0,0,6.86,79.36,0,0,0,0,1,1,2,12,,,-0.61,-7.66,0,1,1,1,,,,,,,,,,,
1789307099,GHcha5wmPV629D2aUnXsAz8x5EgEXTwPzC2YvuFJua5u,METCAT,2kXGtRwAM7VFYAtkXKZbzeXpbe6WwAWnoC65eMTQPDeD,meteora,1788994662,0.0003467,61419.59,346704,346704,3668.01,35836,77390.94,260644.59,16,11,143,105,367,326,1391,1186,-2.32,3.43,57.24,107,0,0,1,1,DYN2,,,,,,,,,,
1789307100,GuvzQrVKq9ZEawE4rkLsruVcjNY9HBzjVkmJqumStPN6,TOKNS,62fmM4i2s6Nk1txsuDtqZsa2hHiukagGAQ37HsFWwjzZ,raydium,1789145032,0.000001916,2458.95,1916,1916,0,0,76.36,875.98,0,0,0,0,0,2,5,18,,,-27.21,-61.85,0,1,1,1,CPMM,,,,,,,,,,
1789307095,5GefefPX1mDs6ZJB1apYmz6fCTCiNJpHturZ9bvFpump,Pumpoween,8NVFB1unNk9aDtL5hooF8Hahf2rt4GLPWx9ctEadikHg,pumpswap,1788551378,0.0004237,54259.87,398418,398418,2.89,141.75,1085.1,16764.54,0,1,4,11,19,24,338,255,0.03,-1.82,-1.55,8.97,0,1,1,1,,,,,,,,,,,
1789307101,xGLGorJ4Xc3nFqkRbEnvRndyptFVEyQdtN1xTPipump,CALLCAT,2NWVonn5dWbv9FY1P9NzH4JbHjZGGXYctm3x6NVNZhZh,pumpswap,1789147595,0.000002001,2144.32,1972,1972,0,0,0,29.32,0,0,0,0,0,0,0,5,,,,-2.98,0,1,1,1,,,,,,,,,,,
1789307096,8SqYfYNm3g7TQJmm7EaxYJcDV9f5G3Y7t92DzbUQKFws,DFC,1DNTgbzKqcPn3Q9gMmEwi2gEzsZzmbPhL5pM4ddztgw,raydium,1789138529,0.00005391,20593.26,53916,53916,57.28,1477.02,5346.96,108814.23,0,2,5,11,41,47,732,556,-1.09,0.43,-13.01,-62.57,0,0,2,1,CPMM,,,,,,,,,,
1789307097,9cc7SKNhEWvCjVieqGhQPJaSVf85DxCvua9FW4DfA9vq,GERTRUDE,14CYZ9RTVxGXPjePH2t9DV2pEtXLUsfx7zpQcthqUwbN,raydium,1789145967,0.000005090,5169.05,5091,5091,52.31,52.31,52.6,415.16,0,1,0,1,0,2,1,10,-2.13,-2.13,-4.07,7.22,0,2,0,1,CLMM,,,,,,,,,,
1789307099,F2yEyEGF9uefDxr7U7oNazYpPxzDmDtWBvEku5Ynpump,CATPITALIST,8GnYLpJxVSuVYqqPgWe2LcmN2aBWiut5GvgJmMfvmWoL,pumpswap,1789149816,0.000002399,2406.56,2307,2307,0,8.37,20.82,44.4,0,0,0,1,1,4,1,17,,-0.56,-2.13,-4.75,0,1,1,1,,,,,,,,,,,
1789307097,BGU4TfDLpV1JeJGXVgSbZkLSRxgAzcsQci1vEbaWJVcm,CATAI,HKPrXoz4EqJ5HU9m9PmTTTxSRwoB2Hbknd6UqUTsf2Yt,raydium,1789149044,0.00006077,24394.83,60772,60772,237.92,6686.66,30165.43,684771.72,3,7,91,68,397,334,5959,4135,-2.74,13.41,-40.42,-82.56,0,1,2,1,CPMM,,,,,,,,,,
1789307100,J2X88a37smFUnpehNJHtR1CZcx8yRVUkx3nNW8zupump,XRPCAT,3i3iYrmMGyrQS4JM2Kqg4h7U4tSanXsRPRfz8QJV4L5G,pumpswap,1789147680,0.000002971,3225.13,2943,2943,0,20.37,71.97,276.64,0,0,2,1,4,4,28,15,,2.98,3.25,3.86,0,1,1,1,,,,,,,,,,,
1789307098,C87B1Yo3eYQ6dAtFBgWAygQUeWUnv4WFHd4yapscpump,Meme-fi,GZ2QxiSn2LpNEv6wMVfC8DvUj37tcpVLcvKo2ZABvwHX,pumpswap,1789149386,0.000002288,2488.36,2223,2223,0,0,0,6.41,0,0,0,0,0,0,1,4,,,,-1.93,0,0,1,1,,,,,,,,,,,
1789307096,6bnkwBNA7KCbmkgPvu3mncphKfSg1mdzhmGiTdLEpump,Amazoon,EyeRpkLRbKovGBbYctEecDhsdG8Vtd36dMjS8bb4bGb6,pumpswap,1789148767,0.000002223,2634.65,2195,2195,0,0,0.9,1.01,0,0,0,0,0,1,0,3,,,-1.67,-2.17,0,1,1,1,,,,,,,,,,,
1789307094,2pRVUtGgbUpFVtY9dFhH5pLeyJZX6vhmaG89uXgcpump,STONKITTY,FDgS5fuuxzf7ozL125TTP2oGxMwFQBWETXo23eN1PzBY,pumpswap,1789147225,0.000002167,2511.41,2128,2128,0,0.32,0.32,0.34,0,0,0,1,0,1,0,3,,-2.02,-2.02,-2.25,0,1,1,1,,,,,,,,,,,
1789307100,jpnD4YUJPzQ9ZWffmLktcwPEPsLADxbXSLkhDZTpump,HOOD,CidzLDcvTBWgsmZ3X6UkwLRtTVXMXi8QSHaodMXa4HZR,pumpswap,1789149538,0.0001338,29077.99,133836,133836,0,93.76,93.76,116.95,0,0,0,1,0,1,1,4,,-2.05,-2.05,-4.03,0,0,0,1,,,,,,,,,,,
1789307096,7xEgWY62CdDj3EK1TbghY1upze8u7Nb72NARLWgASed8,Sue,2V243D9atJhFpH3VphtsgBW36EgkQrksRgfnAz3VJyo3,raydium,1789150118,0.000004907,6446.19,4907,4907,0,0,2539745.71,2541510.06,0,0,0,0,5,8,44,47,,,2.76,-24.74,0,0,2,1,CPMM,,,,,,,,,,
1789307094,2dPnD3wHKczSaF2d6r1nXGM4vFkhHopw6SGFnznApump,KYC,6VdiT7bQspHkozrGrGyosFfqwq6fJFs5qfsnoZQRT4Di,pumpswap,1789154153,0.000002500,2452.36,2383,2383,0,0,38.34,1900.61,0,0,0,0,2,3,26,46,,,-5.13,-29.56,0,0,1,1,,,,,,,,,,,
1789307098,CGeeXU6dEy5SmUxUpfxQtDzec4p4d5L1Ts1tZb75VsMz,Verity,9GtGrJRjxqwDdas58emeUiyXaCbf2GUEsMZShCY1G1a2,raydium,1788708560,0.00002412,14100.79,24127,24127,58.29,1107.74,29888.97,230376.61,7,5,14,24,231,211,1673,1427,0.56,-20.89,-38.22,-80.12,0,0,2,1,CPMM,,,,,,,,,,
1789307097,ASoQZA3Dee2HU34Vwx3b5SAtTaczJtZcyx1T413nDALL,ALL,uzAK8txfJAvqS9VHtDaYAWfBiYbzwq4BzxdiFJTQEnJ,pumpswap,1789155497,0.0004118,68345,382560,382560,7377.53,29312.25,301243.23,2968163.24,35,56,226,247,2356,2303,16552,15308,17.33,10.85,-2.03,-83.92,0,1,1,1,,,,,,,,,,,
1789307099,Geuunse4wrBN2VtLVirLYB6xehup9b6miAviQaYiEjSG,DOGGO,7etnkWDMGtHAcJiXusdY4jS6uaLQT3TSvadd3qq1Ubbm,pumpswap,1789154952,0.000002474,2523.88,2389,2389,0,0,11.36,3046.39,0,0,0,0,1,3,34,47,,,-2.6,-16.25,0,0,2,1,,,,,,,,,,,
1789307097,BWnAd36tcvBhDV6jdbsLeKhxkvM3f91uDMw719jNpump,SOLAMA,GF21pCieyq2Zn9BmrJqMtGGpWScGqkBEtLocBeJRafuc,pumpswap,1789152168,0.000002284,2601.77,2270,2270,0,0,0,0.27,0,0,0,0,0,0,0,3,,,,-0.09,0,1,1,1,,,,,,,,,,,
1789307098,DGzdG3RxW6vB3uv8TvwDyDgG1KaTwtaqVCfyHwF7sWhu,HI,DRXeg1Gjo4o7qwPqZ9rVMRKPWfWzPdWYYLrm5pSMiBqk,raydium,1789154572,0.000006497,6853.52,6498,6498,19.62,1784.29,1801.56,4141.74,1,1,21,8,22,11,41,46,0.71,43.27,41.89,-3.31,0,0,1,1,CPMM,,,,,,,,,,
1789307094,2fRDA5f353VXLs2PeLJNqqHqTMhrjJunAXmWWpLkpump,Duplicate,DtbMVnPihodk3ch6T1yZKPPLXYoQX3MAc6zRUWTCmEwr,pumpswap,1789157984,0.000004706,4488.74,4668,4668,0,3.92,57.83,838.19,0,0,0,1,2,9,48,133,,-1.48,-4.57,-23.96,0,1,1,1,,,,,,,,,,,
1789307094,2QRqp5k3uefWisqCXSpSRWmMPu5pWFfEP9JXXbSA6ALL,ALLDOG,6QA6nMogzms87YjRGVQNZA2PEDyobw1ppfxEXEEC5WPc,pumpswap,1789160767,0.000003602,3339.06,3453,3453,0,217.18,907.23,25805.77,0,0,2,4,12,35,385,571,,-4.85,-28.5,-89.6,0,1,0,1,,,,,,,,,,,
1789307096,8Epdy9gmFLTzWxMVPMqAcQqTLR5LKhTUyEBuoMqkmYtY,CATK,6Q1VCDtCAPpmwXAvL1t53CaASVqTtfHqzMc9Himwv2tx,raydium,1789161818,0.000002021,3782.62,2021,2021,0,0,8.21,1320.62,0,0,0,0,1,1,5,22,,,-1.67,-54.04,0,1,1,1,CPMM,,,,,,,,,,
1789307095,5Lo4Mh6Pijbqn4pM2C3U3s6RnKs5yjRwu8RjVZdApink,PINKSHEETS,7LPmB7sSYG6EyKNTcZVDTMubokGJiMYTWruCtMEAaoW5,meteora,1789161554,0.000003336,3337.29,3337,3337,0,0,3.77,1234.21,0,0,0,0,0,2,13,25,,,-3.45,-42.96,0,1,1,1,DYN2,,,,,,,,,,
1789307098,CgFVAx2G5AZFX1LT2wnSpEScuVc9rDQcoiRyiwFgymBx,BLEND,GJ7nshYXh81PgDjDnwPVGJ9f28juTxD235MyuifTQcQo,meteora,1789159685,0.00003976,21056.86,37090,37090,22.11,3142.68,20228.72,85859.15,1,2,13,17,119,104,477,480,-2.49,2.84,-55.26,-87.88,0,2,1,1,DYN2,,,,,,,,,,
1789307095,4Vur6RbGdWjhFsfULJx8z8ACfpFC9d2wMYaY43Srpump,FLM,F4koNX9vhLGY7zWDw2hwy27VAzDkZ66HN2zDJREPzBAK,pumpswap,1789164253,0.000008153,6086.56,7947,7947,0,565.52,3212.26,61991.2,0,0,8,3,33,30,872,667,,30.07,35.05,17.07,0,1,1,1,,,,,,,,,,,
1789307095,5NpqLcNaKSHMvmdo23pukuRAhKrQzqqBuXvrSt2yjsMZ,STONK,BZDqUoSdwbW4v2NoPYbqwFUYrgpGVafbaNwYt13hz3gQ,raydium,1789163584,0.00007948,24526.38,79481,79481,0,1171.89,7340.24,116730.47,0,0,23,5,70,40,673,532,,17.77,20.9,-25.5,0,1,2,1,CPMM,,,,,,,,,,
1789307098,Dqdshp9irA9fhXkBpi5GaMUk3HEf3aTevVim94S3Hj2m,GODFATHER,Gnr7umvnRD8Df1v86skMcuFgauuAWob45skD4akQ1tuV,raydium,1789159588,0.00006351,20842.95,61659,61659,0,195.84,1206.19,4646.79,0,0,3,2,16,10,68,38,,0.34,1.9,24.29,0,1,2,1,CPMM,,,,,,,,,,
1789307095,34eiVk6vfLctP8FKQQ5y5hvZLA6pQJioXci4dVuDpump,UNICORN,DLC6qp35J1ppkY22J4U2WRrjAcyRXtGJXS2kqQmg39WX,pumpswap,1788563819,0.00004259,15720.45,38705,38705,0,245.63,2173.36,6343.53,0,0,8,1,34,19,73,65,,5.74,-5.88,-11.23,0,1,2,1,,,,,,,,,,,
1789307099,FgJReZeYfmKZeWrCaGYL8gLnUixwBhjdHuRknC6ypump,Doggo,DBqbqUehE6kr9c4oGvoESs9JJWJJRoVLgCcSPEePD5qT,pumpswap,1788799323,0.0003267,54178.11,316339,316339,14197.89,24040.46,60192.36,740004.46,64,78,120,166,409,441,4979,5044,45.34,37.68,17.82,-6.37,0,0,3,1,,,,,,,,,,,
1789307099,GLteMVHGWknSNvCAeVxiePAN6Fuje6yaUmEn4WvZpump,SFAG,G4BV46hpefCNuRdDQva19t5nNyoNY21yoPKaAJJV9WJP,pumpswap,1789165003,0.000002481,2426.8,2413,2413,0,0.67,12.57,10376.24,0,0,0,1,1,2,15,39,,-0.48,-2.79,-96.86,0,0,2,1,,,,,,,,,,,
1789307099,Gt9brNVXP7gdGtUqZLcJAhbZTjLEcKrA53F18fRSEeAp,ㅤ,H2KJ699rzrbiH8D8E1gQ6J86wLZTTVkrpB9RhXaWnZ54,raydium,1789169582,0.0002620,49194.27,262041,262041,51.16,7404.73,85278.79,1307180.68,5,3,80,67,584,371,6891,4721,-0.3,-3.58,-44.01,-63.52,0,1,0,1,CPMM,,,,,,,,,,
1789307100,USDvUSpnhCr9yBgj3UyVrD239HRUv4RsHwH2FxsWuMk,USDv,EYJkpMH4KJy8XDQyK59DM2xBUodvPkerDxKMCwyL1ber,raydium,1788985842,1.000000099,39992,20000,20000,0,0,0,8.3,0,0,0,0,0,0,1,1,,,,,0,2,2,1,CLMM,,,,,,,,,,
1789307098,CdixZU5dNFGXZ2jojQjree5EyynrsJ4GjDdXvZEVSLyX,POLYFLY,FJ1zwfRxSHXp6HJN9AJ4U6V64Gzs3Zfs2pwkyLX5gFyQ,raydium,1789166107,0.00001623,11964.52,16239,16239,0,258.73,1014.02,32522.7,0,0,2,3,30,28,421,367,,6.53,0.02,-47.26,0,1,1,1,CPMM,,,,,,,,,,
1789307099,FDLUrwjczQDNyn8BnrYMBUqGC17UaEETKUuyYtTDf1yw,FLYWHEEL,Df3VCw7ZQy2KiSkyrT39tVpT5LgEp1agyHPzkvKYCyfH,pumpswap,1789169304,0.000002217,2216.55,2137,2137,0,0,3.16,33.23,0,0,0,0,1,1,4,11,,,-1.44,-3.67,0,2,1,1,,,,,,,,,,,
1789307095,3URpNcV9wAPjwMAyuBsPjwwkGN9wFJuwcRs3RMbdpair,PAIRZ,8XXnvNEMU3UoMRPWY2KJBW5z1T2KKj6vH9WYJfcGDqYQ,pumpswap,1788582799,0.0005110,61623.48,491764,491764,0,396.42,1573.65,84536.99,0,0,7,3,55,25,1024,811,,-1.26,-6.39,-65.93,0,1,1,1,,,,,,,,,,,
1789307098,DJdKy8SfqBWQJUikMZHVzX2p4svmTfJp4GPsMcqkhtkL,STONKERS,MCVsi9FFj7cXqzFV6EtUamyFm7dn7pfRFSMgrt9KtQy,raydium,1789177080,0.000003378,4659.03,3378,3378,0,27.79,251.47,3136.34,0,0,0,1,1,5,25,47,,-7.56,-29.02,-38.94,0,1,1,1,CPMM,,,,,,,,,,
1789307098,DXZNoiHFtFzFxZy2JhB26CgYmU6H551F8vK7MHcEAThz,PEPTIDES,FN1oKMiJ4ixVPHNSEnjzTmzHzUP9NGdsrQt8nGahGoZ4,raydium,1789174223,0.000005922,5828.12,5922,5922,0,0,5.62,60.32,0,0,0,0,0,1,0,10,,,-0.83,-2.99,0,0,1,1,CLMM,,,,,,,,,,
1789307098,CDHDuDTB2EfTCHfoVFiEvWvwrdcppgrgrqEfrmLouALL,ADAM,5mL3aFEZWiGFKVoafLdzxjLtziPEr1hbKM9X1vv1AQLz,pumpswap,1789182049,0.000006262,4886.71,5672,5672,0,7.23,1044.82,25042.27,0,0,2,4,18,30,303,356,,-0.75,-39.86,-77.93,0,1,1,1,,,,,,,,,,,
1789307095,4nCmpwne7hCoWTSpAd54uENmCgHJrHTyn4DMPCEMpump,SDICE,B88u4SDr4GdM6nnfeWdDqGE4VaU3naxtYPnSunECZpGE,pumpswap,1788856153,0.0001693,34459.85,163265,163265,0,1144.9,2130.39,32605.19,0,0,6,6,29,16,269,261,,-5.32,-10.45,-10.21,0,1,1,1,,,,,,,,,,,
1789307100,o2EjzewtaUMCJCsQTK4XnTMUnRe6y3Z44Pb3pyBpump,OpenClaw,6A76xFr6VSvCfwnMTHL8iCrs5Du1Xey9TUNuuatMGhzK,pumpswap,1789172879,0.000001802,1825.88,1802,1802,0,0,0,2.07,0,0,0,0,0,0,0,1,,,,,0,0,0,1,,,,,,,,,,,
1789307101,v7sAia65gSpFkox6tq1LqMfJVdWs52NQfvfnEZ9pump,TRUMPx,B9y9xEet47FdFgSYc48aqCtzis7xFbhsBnDob5UjMUMY,pumpswap,1789175507,0.000001782,1802.05,1782,1782,0,0,0.86,5.41,0,0,0,0,1,1,1,2,,,-0.24,-0.24,0,0,0,1,,,,,,,,,,,
1789307100,bH9fNsRmZGWLi9iDymNNNJysZ1dYdU5x1UHWot5pump,CPU,CbinWKLHGS5ctb3hgzatMKAWbw7vmDyezPS7YM2rh25A,pumpswap,1789182236,0.000003305,3168.08,3176,3176,0,0.65,0.65,1603.26,0,0,0,1,0,1,13,49,,-2.08,-2.08,-18.22,0,1,1,1,,,,,,,,,,,
1789307097,9aZma8g6uiymp8DrGJXLMtJrDNrWPaKtbDReEvcvUZHb,DOGGO,LjqYGg3Qr4B8wheeXUcBwynBmTNnwuCxZ1KsNiWvGpS,raydium,1789183044,0.000006027,6691.25,6027,6027,0,49.01,739.79,16655.56,0,0,1,4,11,14,160,191,,-2.88,-21.25,-81.55,0,0,0,1,CPMM,,,,,,,,,,
1789307094,2fWzx35rQMAATQGhJzVTvzeXHcenCQLqCog9Jkg5pump,LAMA,CXKwgui737V9EDZKLtU5AeHQnWX4kNTnn3gGQT9Tf6wK,pumpswap,1789181945,0.00005267,19815,51196,51196,112.13,14021.54,82258.43,422380.04,5,4,164,110,636,732,4233,3981,0.97,-9.96,-14.98,-65.76,0,1,1,1,,,,,,,,,,,
1789307100,Lfd89kALVnNc4ZCMKw5N3Dt9X13x8mmyz91omADpump,NOTHING,68uPZiJ3s99igJuYTsJvdtuNi8edVk6zkuRmurRKPvJw,pumpswap,1789180528,0.000002421,2564.92,2392,2392,0,0,0,10.36,0,0,0,0,0,0,2,2,,,,-0.16,0,1,1,1,,,,,,,,,,,
1789307100,LBkGJVbUJ96r7JayWs5XkTsoX6uMNNGGKo4xbZHpump,HOOD,AqkQyxuuEEKzWDzaL6s82ZSbcAMmNghWA99xXAH6GfEU,pumpswap,1789178905,0.000001801,1821.07,1801,1801,0,0,0,4.17,0,0,0,0,0,0,0,1,,,,,0,0,0,1,,,,,,,,,,,
1789307100,J3dJgDNZJbhnG8zwVKuE5Ngsj6usWv7gib8MPBfQSTNK,Puhcoin,B8rHTZUWQeMTCAhE9ZrsuRGan3Tv659nonDo7YqrbBhA,raydium,1789189224,0.000003306,4940.47,3307,3307,0,0,20.45,8125.37,0,0,0,0,0,5,127,167,,,-2.43,-75.54,0,0,1,1,CPMM,,,,,,,,,,
1789307100,oGzptiNsBXj2eGNUBFazM87GidxG6qiLAufqWgtpump,IF,EziC6jyzfKZFLWvXNGPxtm2TjTNYoBsY5HzBdpW1rDag,pumpswap,1789190200,0.000001813,1830.55,1813,1813,0,0,0,135101.14,0,0,0,0,0,0,301,4173,,,,-99.98,0,0,0,1,,,,,,,,,,,
1789307097,AZNFzLcgV4qXpPefdWLQ3MChkFwA6cM7vH9c3gdSpump,HOOD,3DP4procL4fQCsxd8K2DSvRPkqFRXYHaJnh2RqV7N3tt,pumpswap,1789178726,0.000001812,1828.96,1812,1812,0,0,0,1.68,0,0,0,0,0,0,0,1,,,,,0,0,0,1,,,,,,,,,,,
1789307100,J8X5ygWHY5uHFch7m3MisSC7eDAWpAkgi1pyqfT5pump,revolve ,zf7uTK56DM7en5KXNvtPD9AT66BamJb6DfZuqBhVgBr,pumpswap,1789191319,0.000008194,6747.26,7262,7262,5.92,4894.49,75517.96,619410.19,1,1,117,106,1037,1041,6450,5286,-0.15,-57.21,-94.1,-97.95,0,1,1,1,,,,,,,,,,,
1789307096,72GzhfdJq9aBWwqQiuDDjCq5TpKySjJhZxmxZ6h265px,Bonkers,J3mYtDcE3cbZa2F1ZTGhAR6ZkufrNNRxQo1WihaEzmig,raydium,1789108066,0.00002266,13217.75,22663,22663,3.52,622.27,9732.12,106844.1,1,0,11,10,75,51,880,537,0.16,16.77,-30.25,-67.56,0,1,1,1,CPMM,,,,,,,,,,
1789307100,d26dXN2ZJhnDnTVj2Sn1M1JNX32288K4TcWdierpump,Starbucks,8epLRpGtespZ9s8rkNkFoGef5G2JiM3tHWceUctTxp7J,pumpswap,1789188010,0.000001803,1819.16,1803,1803,0,0,0,9.4,0,0,0,0,0,0,0,1,,,,,0,0,0,1,,,,,,,,,,,
1789307100,h6hMS5FHQfPrJn7cFNX2VN5hKLwduabavofFKLBpump,BEAST,BhrCmyDxuZogSpaCHfnobaaV7Emrp9Hx4HgseAeAi8V8,pumpswap,1789187661,0.000001879,1899.17,1879,1879,0,0,97.75,104.12,0,0,0,0,0,1,2,5,,,-7.43,-8.54,0,0,0,1,,,,,,,,,,,
1789307099,FGgLQX5Ns5vVvZqATHi5QAYAw1N39WMiCHvccQ6zY6wx,Gascoin,2H72HZd8xkckwNMqTvR5KE6eWqqFFbUxwTAQPnBrUebW,raydium,1789047396,0.00002412,13271.83,24127,24127,0,50,2077.88,17808.09,0,0,1,0,21,24,204,179,,1.34,-12.93,-29.72,0,0,0,1,CPMM,,,,,,,,,,
1789307096,8GNV6hnUo3kJCBhQVjokAgTQBav8J4sDuwTPuAspump,ALL,4S7t2knRHzCkpzGoxJCcVfSZBPwKUfwPuZ6iEcdbBUsW,pumpswap,1789192057,0.000002645,2583.06,2645,2645,0,0,99.3,99.3,0,0,0,0,1,2,1,2,,,-2.14,-2.14,0,0,0,1,,,,,,,,,,,
1789307100,jqCXqsUK1cnJBYTjYSFhJ7JboFVG986Jcsmm4y1pump,WOFI,Ejr2UNfS7ni9N7hkcNY7eCzFxDHNaR13jC62PqqgkM8Q,pumpswap,1789193308,0.000002817,2732.26,2817,2817,0,0,0,177.87,0,0,0,0,0,0,1,2,,,,-8.34,0,0,0,1,,,,,,,,,,,
1789307098,DW3BH7gvKyZxcHgywfFLuroHuS3DUVJ371bv5WvMpump,Starbucks,YJbmJM8eJQYSLKUkJDdCvbq2dX6XkZyWnkhoqigweZU,pumpswap,1789198501,0.000001798,1813.33,1796,1796,0,0,0,1.99,0,0,0,0,0,0,0,1,,,,,0,0,0,1,,,,,,,,,,,
1789307100,HJFVpGCGTMVFsrwXUfheng9cDAgS7eqfF1YHaTxYpump,DAVIDE,4C5Wh8ksmwCUyFAsfu3KN8tgaZBdRo97BuBFKPjiyMR5,pumpswap,1789203636,0.000004425,3880.56,4287,4287,0,0.68,92.62,8203.24,0,0,0,1,2,7,111,139,,-1.17,-7.35,-62.27,0,1,1,1,,,,,,,,,,,
1789307100,ey59XgztoZBS5uCjUw97PEXmtfQzkAjQJKxkzwUpump,Lambo,FvCjj49JAYyj3PFhtcArEQunMEMGSDKZtsGAH2iBPvqn,pumpswap,1789200713,0.000001795,1810.87,1793,1793,0,0,0,0.2,0,0,0,0,0,0,1,1,,,,-1.27,0,0,0,1,,,,,,,,,,,
1789307100,HrSjY8WztUJFavB2Joz5ojFLpMhfpNmxMyL57zUENcDg,Egod,DX8ykUKbMWduHgfQ5JnjfEec1oWaVbfuVRef6r1HRqHt,raydium,1789205941,0.000002576,4310.97,2576,2576,0,4.32,41.29,741.63,0,0,0,1,1,9,21,55,,-0.54,-4.08,-17.75,0,0,0,1,CPMM,,,,,,,,,,
1789307100,oebropTmp6xrgMhAeQgWHCK1DMJCKFDutza86Z8pump,HOOD,5ah7Lb53G1ZevGNrWBXmEWuAKszDgSC28tVd32tXRTUG,pumpswap,1789204395,0.000002072,2082.22,2072,2072,0,0,8.27,252.09,0,0,0,0,0,1,1,4,,,-7.11,-23.83,0,0,0,1,,,,,,,,,,,
1789307096,6v4XyHhHj6uNsach9W4u59DntpdB7Q216E9fx37upump,SOL4EX,wmbG15V6jRKbsqRzrU9nyVkq5ACPdnv9bitZ4bz756m,pumpswap,1789209215,0.00007377,21941.31,72009,72009,197.65,7692.52,103717.24,240850,1,1,53,56,634,574,2119,1886,-1.73,-11.51,111,172,0,1,1,1,,,,,,,,,,,
1789307094,2HvWYsUq5aGtanG1Mdg6uaBV4nbxUEZVFyJv7wLGpump,ROBINBATON,V7rp2ZBEjE6zNpGAnivigzxad5qbC6Bw1HwdXhk6rYE,pumpswap,1789208134,0.000001975,2102.62,1926,1926,0,0,0.15,5.55,0,0,0,0,0,6,1,23,,,-1.58,-2.14,0,0,0,1,,,,,,,,,,,
1789307097,B22s4HtmrsaRysDy6t4XMbDowcJJ61jgs3hPuPHrqodJ,BABYZCAT,GEKD5hRih6VTm7BRdM3p1KysCcNuhvdoKh3pp7jAyBYK,raydium,1789208619,0.000006985,8303.82,6986,6986,0,345.55,538.14,33000.21,0,0,3,0,9,4,340,289,,23.02,4.4,-90.73,0,0,0,1,CPMM,,,,,,,,,,
1789307097,ALwj4WZd27kWFiAVny7xmG9EPRQghU89RyVKgQUSpump,BULLGPT,DEY8QT6KxbJMSGT4iBeAgJgfSCzkQ6R6MnAf9KdH26qY,pumpswap,1789211582,0.000002014,2124.79,1954,1954,0,0,0,39.15,0,0,0,0,0,4,4,33,,,-1.09,-2.38,0,0,0,1,,,,,,,,,,,
1789307095,5FaDzNmwTqxDNXGZxBEi6VCtYoAChSzgoVep1Kaepump,KIMCHI,6yuRvV4Z2GCyVBmZbScAq26kKvWbLDWdmiP76WiBqBFn,pumpswap,1789211697,0.000002060,2179.6,2032,2032,0,0,0,21.52,0,0,0,0,0,0,2,9,,,,-0.31,0,1,1,1,,,,,,,,,,,
1789307098,ChELZGaK5hbbo71QrPo4VQrSeW9BqeJ4WcEyXSw4pump,BATONUSD,FfR6nWr3KPSgTUBNov3CadCFNF9eM4mrNFvjUWv1JWDu,pumpswap,1789212692,0.000002219,2425.64,2157,2157,0,0,1.59,117.7,0,0,0,0,0,3,3,34,,,-1.36,-10.57,0,1,2,1,,,,,,,,,,,
1789307099,G1EGhFVor75oYqYwXNhRYRAU1XiEdw4kvrAYE3QVpump,RWIF,GmFxAaEDbxKPEtBjGbN59wPAjG4sRJWStnt7DhK5GKWD,pumpswap,1789213096,0.000001992,2096.83,1945,1945,0,10.41,18.43,24.88,0,0,1,1,2,6,2,29,,0.03,-0.69,-2.24,0,0,0,1,,,,,,,,,,,
1789307096,7VXWhZtDuUt85xqKWjkcbfBkX6LcRPod4SazmCkSpump,NEKO,4LjaUegi6MsaEedZrNrZwZHV32UYqsCbJF1YSwSLRurq,pumpswap,1789215408,0.000002183,2575.74,2167,2167,0,0,0,1337752.97,0,0,0,0,0,2,11425,12803,,,-2.96,-99.72,0,1,1,1,,,,,,,,,,,
1789307097,BSZR7tCG2KefQNVzcJbcmdiLoqmsf5hdhwoL6W8tuEbZ,XRP,D9sAkQRtLk9FCwf7hpYJRgboLViGAL9vFy28wHgPoooR,raydium,1788940771,0.00004883,19642.04,48832,48832,0,999.46,6378.03,25793.28,0,0,14,4,84,42,345,190,,17.84,3.73,-47.39,0,0,2,1,CPMM,,,,,,,,,,
1789307095,5EyvP6FCPLAcAUMY9xbsbGXeY3AH5KeMJg9KEx2Gpump,NVICAT,HuAnGdBfTSGibi15bAcrufzkb28VJZe7oERi6cmYXxTd,pumpswap,1789219314,0.000002079,2261.46,2026,2026,0,0,0.57,360644.41,0,0,0,0,0,1,5397,5506,,,-1.19,-98.61,0,1,1,1,,,,,,,,,,,
1789307095,5UbczCuARMdzsDwcnuu8myY1sGfVSB57ufqmwBPJysoa,VAGINA,3u2oks2WmpRYCfh5EwSUp1hoJUNKn1im1FX3E9wNU3bD,raydium,1789218886,0.000002654,4402.45,2654,2654,1,77.5,618.49,29097.81,0,1,0,2,3,10,307,317,-0.14,-6.98,-14.58,-91.36,0,1,0,1,CPMM,,,,,,,,,,
1789307100,J34G9pftSfEnidz9quVXziDL6CeHjaieh35hvEYY4FHM,STONKLET,8xSbKFfsdDMVVS66vavP2oF1rXRUpAqqPGdTn6FKfyt5,raydium,1789157157,0.00001085,8310.73,10858,10858,73.44,1581.78,8893.27,62469.39,3,0,20,20,111,96,636,501,4.3,-31.54,-71.92,-87.48,0,1,1,1,CPMM,,,,,,,,,,
1789307097,9A75YvzQo2MYHC3LPcr6KtzwwQva2kSakBjet62vpump,Henry,DLXUQqfDNymj2AQbSJ1Y1jH6VfNXy7Li4eecVURugKVN,pumpswap,1789220852,0.000002676,2714.76,2293,2293,0,0,0,342898.77,0,0,0,0,0,0,3549,2168,,,,-93.61,0,0,0,1,,,,,,,,,,,
1789307100,rHSNhnYAB9kkR51VdtgTrqJrxJJ76FsC2XjB225pump,FTFS,EmCPYcYmpA7L87EazNgvPp8W99aUtPPMJVZH3GRWd4ns,pumpswap,1789220523,0.002395,128369.15,2393102,2393102,584.41,7456.84,45806.77,184492.84,13,9,174,118,1061,714,4237,2861,0.17,0.81,4.09,26.56,0,0,0,1,,,,,,,,,,,
1789307096,7FZtgiLUSZidDamMosnCnNUJGzUkYFUwSgSPL3SVibLp,BIAO,7PgXhAETtRZBuZ4qntmNiZzruZJVMJ5pWNwrQr2BQKEQ,meteora,1789220378,0.0000000003718,0.66,,,0,0,0,0.03,0,0,0,0,0,0,1,1,,,,-8.84,0,0,0,1,DYN2,,,,,,,,,,
1789307098,CUVV4fN8Lw5bevjkQ3VuRkWrym1Fh475mpLYTCPuPsVr,NASBAYC,8HedUG8fgApnVT8L6NYFC9LfPouNV37ifcmodSRsixUo,meteora,1789220354,0.0000000003681,0.66,,,0,0,0,0.03,0,0,0,0,0,0,1,2,,,,-15.41,0,0,0,1,DYN2,,,,,,,,,,
1789307096,676n1jJQkf49TX9zGg38nHcx4WEUTNs66KW57KDAvbY3,NASBAYC,AFD2eQ2nz6wnrCiZHmK2BePoh55xPT3ohfF6BLUxwWri,meteora,1789220536,0.0000000004178,0.7,,,0,0,0,27806.28,0,0,0,0,0,0,663,758,,,,-100,0,0,0,1,DYN2,,,,,,,,,,
1789307100,f1JKgzoZavGU9FBxkZaeZx76zDjTUH1b97pKZDhpump,POOL,3W8BCEBQqJaZzL74KG6UrYbuUPGk7Wiyt5yjkP6GFuby,pumpswap,1789218391,0.000001790,1803.38,1788,1788,0,0,0,66605.21,0,0,0,0,0,0,2274,4161,,,,-99.92,0,0,0,1,,,,,,,,,,,
1789307094,2G8jCXX6HCTtXmZ8ngS2Z3qs6z2BJzLhdJt7YNsgpump,DATADOG,3WkN2cs4rCQthRxnrgqmKgYT28SQJWoqSYzp8eRmPR1D,pumpswap,1789221485,0.000002128,2388.98,2099,2099,0,0,0.09,1218538.62,0,0,0,0,0,3,16348,11328,,,-1.49,-97.37,0,1,1,1,,,,,,,,,,,
1789307096,8anZw6kY8xTntM7CLV3bGWYZYscZt7Yu8HwsRmU7pump,PEPEGROK,4Ezi7p41tLh9hAwaNUq2VSGjKbZMi5bTgVK9Hut2i6He,pumpfun,1789221152,0.00004184,,41848.15,41848.15,0,0,0,8657.79,0,0,0,0,0,0,9,0,,,,1365,0,1,2,1,,,,,,,,,,,
1789307095,3xbNQg4tXDdUNp93ioXeNDTURPbf2nXFbwga1t9cpump,WALLY,8RKCif7jaWtCNxpLEhMyMQa1EjrefztGHm4GWyq8SK59,pumpswap,1789221535,0.000002199,2263.51,2136,2136,0,0,2.55,324213.41,0,0,0,0,1,3,13475,4785,,,-2.01,-95.68,100,1,1,1,,,,,,,,,,,
1789307098,C8U9aPpuXmHqjvdQX57uJMxKzjETkbrmYDm7eQ6fpump,BRANDON,6XAKR8DCv3G3RXcPjwCPbVDgwoDoFQFp8snrzFKpLkiP,pumpswap,1789221259,0.000002091,2205.35,2021,2021,0,0,0,370744.95,0,0,0,0,0,0,9630,2890,,,,-95.01,0,0,1,1,,,,,,,,,,,
1789307097,99kxekvdDAUKHBTw7hXVmFtsLWvCnNJFtJCEyAXMpump,anonwjak,CkUWEhp1t3onQAMAQk18HQ592gowgKnr33VRQ9G24rdX,pumpfun,1789220854,0.00004183,,41835.82,41835.82,0,0,0,8655.24,0,0,0,0,0,0,10,0,,,,1368,0,1,1,1,,,,,,,,,,,
1789307096,6KfoRYSoezp3mKps2R9LeMazzCAZQRWiJMspEn27XnpB,HOLE,8Zcj1Ka5cpUa8YSvXty9nwqWVWU5RyvAFAuDs3WGCKgq,raydium,1789221862,0.000002135,3940.95,2136,2136,0,65.99,325.62,46422.49,0,0,0,1,6,10,800,644,,-6.72,-23.7,-94.49,0,0,1,1,CPMM,,,,,,,,,,
1789307096,8b5c8hbbcKdd4F49RHjCiCntJS68Vro8ZJLumJNFZZHg,BURST,6ZMRSv48uBX7ESyZaocvm1ZNcsD3LgF1uJt4jmPfKDRT,raydium,1789091118,0.00006728,22582.89,67289,67289,225.09,5958.98,39165.82,278020.54,1,2,41,38,313,196,2270,1416,-0.07,-27.47,3.02,489,10,2,1,1,CPMM,,,,,,,,,,
1789307097,AzJ3qw2NxfLrvgR94prrsNx6tXSUb2aKMXu8Ndp3pump,TNT,2JNQn1iymihCJPnN3pWmYwi77HZidawVi91WJrY8wub5,pumpswap,1789222605,0.000001783,1804.88,1784,1784,0,0,0,953107.19,0,0,0,0,0,0,20872,942,,,,-95.79,0,0,0,1,,,,,,,,,,,
1789307100,Zkmi4LMmm2agt8VDriiJ2v8iTwyc1kAJrhKkF4EAPss,Frontier,6yVJpigD1xxuC5Ynb7DSQCKvE3VvABfSmM9rdn5KyPt9,meteoradbc,1789222492,0.00004990,,49901.61,49901.61,0,0,0,6540.18,0,0,0,0,0,0,172,244,,,,324,0,0,0,1,,,,,,,,,,,
1789307099,EBqs5cS6DwHWvpZRa6pdxE8fSjwwVbw5akv4ySFfm6A6,GME,BNRhDjtCST9JvU8FQuPCm8you1MEFHcffTkycQgEnS6d,meteoradbc,1789222464,0.00004942,,49420.03,49420.03,0,0,0,16113.8,0,0,0,0,0,0,651,690,,,,302,0,0,0,1,,,,,,,,,,,
1789307100,Tf9sajSLohqMQwiMWAEkwzJUxXoRZHjaipYwdKXpump,NTDA,HfZ8iUS1f5RL8hLGCCLhtkTeNC9Ydbe8M7sSGLcifKMM,pumpswap,1789222563,0.000001830,1842.26,1829,1829,0,0,0,134995.41,0,0,0,0,0,0,2404,3943,,,,-95.68,0,0,0,1,,,,,,,,,,,
1789307098,DX1SnAPCfV9ZDGmYguUXCAtSQ8pL3B7N4ak4cqjtpump,memee,AkrF8Msikv6FUxg2bL69iXWKL3gNkyMn8Lt2WVdHs5Wv,pumpswap,1789223876,0.00003206,13276.04,30592,30592,38.14,250.83,3698.58,74749.19,1,1,5,6,70,61,1381,1068,0.71,-2.55,3.19,-9.3,0,0,1,1,,,,,,,,,,,
1789307094,2jm45AydgQ7fp1w5Wn4kQNXnkL66pnkxyZSfXAW8iBic,SOLFLY,2Fz7RAKHS6WDEEcra281uboQWyNB3gjE815nmaLUrQ4Q,meteoradbc,1789227528,0.00004450,,44501.57,44501.57,0,0,0,11232.42,0,0,0,0,0,0,202,216,,,,278,0,0,0,1,,,,,,,,,,,
1789307097,9KAhxsUr1THToZzgKvQ5o1etCx9XZPaogX59DxpSpoPc,ALL,byMZLuhFBAnrB5rth7vUqXwA7Xi3LGcK53eD6g9URAJ,meteoradbc,1789227482,0.00005094,,50947.63,50947.63,0,0,0,12802.92,0,0,0,0,0,0,459,608,,,,33.23,0,0,0,1,,,,,,,,,,,
1789307096,7K3pdxMXcnM4HpxAmYZtCq8NzsYR95b1354KR87ppump,NVDA,823vzPwoTAd7tf64Ag9UikibDLFHPaAU6fQPb5eWEz6J,pumpswap,1789227645,0.000001774,1787.45,1772,1772,0,0,21.07,150541.82,0,0,0,0,0,1,17657,19423,,,-3.42,-95.81,0,0,0,1,,,,,,,,,,,
1789307100,tw7kpkx4M9Vjd24A73DrYQ6QKqqTo61gdBCHME7pump,WOFI,56YAvMFDib1gm23miTLj37suXqG2mV8N4kf7FQwXoFM3,pumpswap,1789227634,0.004869,183389.51,4867293,4867293,346.82,5013.18,17826.53,141623.46,12,5,173,58,498,339,2015,1332,-0.37,6.1,8.47,11392,0,0,0,1,,,,,,,,,,,
1789307094,2qeZ5FvECyy54RQE14XkJfgcKxQtt16KtYMadtcLBRZ6,酷酷来,BwbAjnCDHxWU1zscTkoNvqB9iWwsY9TTW1FZfmeXY5wc,meteoradbc,1789227591,0.00004981,,49814.36,49814.36,0,0,0,4155.05,0,0,0,0,0,0,126,158,,,,30.27,0,0,0,1,,,,,,,,,,,
1789307096,8MGBYfFx8wXVnFgcwtwDkcR5WbMSngmNuPMq7mjdZAnw,FRONTIER,EfhEztFrkpasgxVC9bQfpwiYDrbitRRaMPWHw7bQq4xE,meteoradbc,1789227600,0.00005066,,50669.3,50669.3,0,0,0,23823.72,0,0,0,0,0,0,1140,1171,,,,34.84,0,0,0,1,,,,,,,,,,,
1789307094,14CBLKjPSwQaWknMR6cXCGBiqTTwnqqoqT4oUK88pump,Trafigura,DirbTJdFTiHPqWGoknD9Uems4YayppKMDyZzUG9bWvTL,pumpswap,1789226074,0.000002512,2474.2,2513,2513,0,0,0,136103.54,0,0,0,0,0,0,14126,16492,,,,-94.07,0,0,0,1,,,,,,,,,,,
1789307100,H1hFymzkRE7CAdxEuBWYknvsTCgoDXAqPKFU94iPpump,GPH,HMchL3xGnoMbr71KoN2Tcs5cbFNFqmQA9NYga24BgpPt,pumpswap,1789235165,0.000002908,2905.88,2724,2724,0,0,8.08,71464.28,0,0,0,0,3,3,935,817,,,-1.62,-94.55,0,0,1,1,,,,,,,,,,,
1789307097,AmPojoiSMGzwMMmrXFzovcnUA8UuwSTBf1myCBbhR4Mf,HODL,GDFfXyHBGy3fLpRC1BAZLvtmAhYtPB45NV2uFNidEYrs,pumpswap,1789233379,0.0002773,53470.93,274030,274030,1119.87,63149.5,133850.89,3182752.3,6,12,273,303,760,622,19092,16898,-6.26,29.5,7.47,428,0,0,1,1,,,,,,,,,,,
1789307100,HgMih2Enbszn2C555XQhUhyH5nUajbbMNGqUoSMzpump,WEN,BhkBFteeCV7ckWMn7oC1KBd1ZAQZeEYYgQzBk3azhKbc,pumpswap,1789232260,0.000002147,2432.53,2129,2129,0,0,0,1531994.41,0,0,0,0,0,0,19576,13097,,,,-97.49,0,1,1,1,,,,,,,,,,,
1789307096,6bJtwhtvzkthAYszQ3ZWkFJzSvbGSkbAz9yPcSiXaGK6,MIM,DNjdr3KdnzB8d97d1JL12pq4tBwr1VVdWDws5ofZrPBf,pumpswap,1789234081,0.000007906,6416.45,7578,7578,3.98,13.71,5831.34,479014.28,0,1,2,3,61,55,3311,2922,-4.04,-4.09,-10.49,-84.18,0,0,1,1,,,,,,,,,,,
1789307096,6CfuzQ5UzyFQ3Pr2fPDr1Yu2QK4MsYgS86PFqBxWpmb9,MHWA,HKWEnhfndGuNgDyc1aRLUHZX8AwsFNd4h9QRQo7wFEWy,pumpswap,1789233110,0.000004924,4551.57,4281,4281,0,91.19,721.2,186381.98,0,0,1,2,5,12,1630,1287,,-5.13,-18.04,-89.85,0,0,1,1,,,,,,,,,,,
1789307095,5dgYsznRVkYTnab747xLeegcBhFi8xRLgNdhayYXpump,GEMI,AM4kSZUTaSC1tnewHtdxzsWrEGGrQk4cjkHxzXgXF7Kf,pumpswap,1789232908,0.000002035,2211.89,2012,2012,0,0,0.37,835685.4,0,0,0,0,0,1,10729,6829,,,-2.08,-97.5,0,1,1,1,,,,,,,,,,,
1789307095,55fKybiqm3rB8DYY3f82p8rm2J7LycdERPrXsMaDpump,Bagholder,ASbzQRuMPocutdNJdeH7YbBiq9xDLYvM3eQwWFrZFo24,pumpswap,1789233520,0.000004144,3944.89,3999,3999,0,0.03,43.85,168623.89,0,0,2,0,5,7,1849,1547,,1.19,-2.62,-91.99,0,1,1,1,,,,,,,,,,,
1789307096,7vSG4GX8qz5V36noSde5Z9xV8xAXAGqivDyaNytPVDJf,Tulip,r9cBueKD9ZLzN2kXyNCzpX5iJmYLw5fWhDzCtbDCz6K,raydium,1789236507,0.001251,139909.46,1251962,1251962,1621.7,52924.83,189087.09,8918141.56,33,15,586,260,1331,872,43553,35999,12.51,51.63,60.25,2774,0,0,1,1,CPMM,,,,,,,,,,
1789307095,5dAgHFjAwZ8Fg5neqLu8UfEjJmU4bxbvRRgW56m7pump,Offchain,EHmAq21JLopPxHQHGE5LCwYY32RsC81cwWXaXu24WSs4,pumpswap,1789236877,0.000007881,6409.32,7417,7417,1.79,271.59,1132.27,389546.07,0,1,2,4,8,19,4633,3755,-2.31,4.56,5.55,-85.23,0,0,1,1,,,,,,,,,,,
1789307096,66aBzVKucLmWvY2JEU5CjAYcUSz7YcpoBDfXXWV9pump,stonkbaton,Hq2mjD6bVncRiTaQnaQSDkjEubzJuuZa35trHJthbEuv,pumpswap,1789234383,0.000002134,2376.49,2115,2115,0,0,0,1582624.15,0,0,0,0,0,1,33961,18325,,,-2.07,-97.62,100,1,1,1,,,,,,,,,,,
1789307097,9XL2Cycfm66yK369r7sJhLgoWm3ULsegqa4sWUsapump,HODL,3BMEueJLJxP5oqHK3S7XAre4YvqERSjgCy4VffHCRE7i,pumpswap,1789235111,0.000002072,2313.41,2045,2045,0,2.99,6.48,1138514.38,0,0,0,2,1,4,15457,10654,,-1.51,-2.26,-97.45,0,1,1,1,,,,,,,,,,,
1789307099,EA4J89CHKrdfasv9rta5vb2vKngYb1JjijejeU8Apump,faucat,2no9JW4Jq5y8PyBcGoE8TUwbtMSNGqJyabeoGFPtFZHm,pumpswap,1789227717,0.000008240,7113.42,7960,7960,0,406.31,2618.44,1625034.67,0,0,6,10,47,62,13274,11215,,-9.23,-8.86,-83.62,0,0,1,1,,,,,,,,,,,
1789307096,7VDKj3pCXx7caEjVCRCcepd46Y7epupVpB6sTYZkpump,[cat],ANJsK4YZgXMYL9X8TyNYuBq7wALvN3dBeGREBQdU5mfG,pumpswap,1789235759,0.00001729,10212.69,16802,16802,0,3.5,500.02,160849.22,0,0,3,1,8,13,1685,1357,,-0.81,-14.71,-67.8,0,0,1,1,,,,,,,,,,,
1789307098,C4mZupcRY7meA8KTVz9b2XoynPDJKKPCwy3N23ANNuYg,PEC,DMv4kbLJHq4VmWaBNWDPvvNjYBycJ1fvjEMHgxHZx2aW,raydium,1789236981,0.000008828,8292.13,8828,8828,3.16,15.16,666.99,937890.71,1,0,1,3,14,15,5522,4903,-0.41,-0.81,-23.04,-79.26,0,0,0,1,CPMM,,,,,,,,,,
1789307097,9EWCu7vT7nSXbYH9dpQEBL4hkhpUhpo7Z61c2sUf2qo4,PERPSPAD,ERv7DJqSbtxoUAX6LLcygetKQVa2aKT2vchTSz4qwTpf,meteoradbc,1789236913,0.00005027,,50273.8,50273.8,0,0,0,8107.42,0,0,0,0,0,0,409,376,,,,34.13,0,0,0,1,,,,,,,,,,,
1789307097,AaVgs2tegz77VdJ75dh6RqGMvMw4yVHpqBuqu7aUGaYk,HODL,2W4R4aL5SEeX43U486ByJf6spLRKfivQnQraTNRKyLan,meteoradbc,1789237082,0.00005062,,50628.89,50628.89,0,0,0,6090.27,0,0,0,0,0,0,287,291,,,,35.2,0,0,0,1,,,,,,,,,,,
1789307097,AQqFtYGBNaqQppXySGnPkCMHMBsxRkSZ9z7h12Ggpump,BEAST,9HPx7XPLmCgFhrSMDfNPcTBmeuoBkC1a5vBvcucuN7c2,pumpswap,1789237080,0.000001806,1818.69,1805,1805,0,0,0,169036.52,0,0,0,0,0,0,4472,3729,,,,-95.73,0,0,0,1,,,,,,,,,,,
1789307094,1upe4Kgrot9Ni6JMJKRVNUVKqbVqnKZtW7KZuzN9ciK,LUP,3qqPg2zcfLGYpEpKm5tSjfe8Vy1189VzLZe6KvVLfmc8,pumpswap,1789242484,0.000002534,2468.33,2226,2226,0,24.06,79.14,72175.5,0,0,1,1,2,5,1060,942,,-3.67,-8.51,-93.92,0,1,1,1,,,,,,,,,,,
1789307099,Fuo63YDw3vg68VVCF79gDc9MrP5k8MUjHkKiRG9Y5Nnj,RONNIE,CT3hniTz3tye14nH93rBhEaCSMt5Gn3UNsG8AVAJ8omz,raydium,1789241381,0.0001798,37393.81,179840,179840,209.76,13690.08,53016.78,686294.28,2,2,115,65,396,285,5684,3736,0.09,-7.98,13.16,328,0,2,1,1,CPMM,,,,,,,,,,
1789307097,Adgt7dseCq71eN6GDuoUgpsNQp81ZNhq24nrF7pxpump,Noiz ,8zVwLfWw8KpbKoTGdufn6BwTg6Z12SFREHBuZM6UUrVs,pumpswap,1789239852,0.0008015,93347.42,765293,765293,1901.39,34151.24,205031.61,2372431.33,26,14,258,145,1014,864,16447,10214,3.11,-7.23,21.28,1403,0,0,1,1,,,,,,,,,,,
1789307097,A6jxypvWGrBQ2RQbk1y2VGnvLghHQ1NKxdt1g5dxnTwa,Tulip,5yDSQ9jDth18Bf3McycrtPTBMFdsxXk5scfKKPyThht1,meteoradbc,1789242107,0.00004784,,47845.7,47845.7,0,0,0,3725.51,0,0,0,0,0,0,102,135,,,,309,0,0,0,1,,,,,,,,,,,
1789307095,3RyywmgsJGfMwvTbvD38FJoZ48UHpcD9T4no6yqc8F2U,AIGPT,5HJCvXoTj7gGtvNeva2VyopBaSRJikPxKn6ypjZoxw6J,meteoradbc,1789242009,0.00004927,,49272.55,49272.55,0,0,0,1548.53,0,0,0,0,0,0,34,27,,,,278,0,0,0,1,,,,,,,,,,,
1789307100,VqYB2N6AJsKRKwvy3Y5BHzSm4b4bYEs4RcVRfiv1ewn,REDACTED,BUftqc2Epz1H9qyWUt1TZJDifRPiPkZCfo5rDs1Vs6pA,meteoradbc,1789242131,0.00005065,,50657.08,50657.08,0,0,0,9402.99,0,0,0,0,0,0,448,441,,,,35.73,0,0,0,1,,,,,,,,,,,
1789307095,3aSEhRvxu2duPoPPkKs3cikwaqJGDviPMpmeZaoCSXH3,Tulip,1va2VX6rAgRCEjP88tbv2xGJuZsb5XfNd93CZ5x9mWx,meteoradbc,1789242066,0.00004234,,42349.21,42349.21,0,0,0,3089.67,0,0,0,0,0,0,71,102,,,,262,0,0,0,1,,,,,,,,,,,
1789307098,CNWxmoBSQZo2Sgp5KSAK5m9FwSqDbXQRP4CNMuoe78Gm,TWINE,5x74XfDESP5j2vfr7nW76mqgQkKMUJUhGWXog4FaJs9X,pumpswap,1789241802,0.0007373,86528.39,729204,729204,4678.17,67803.09,426574.13,9979903.52,36,28,380,288,1911,1657,36377,33388,-5.67,-22.46,-35.65,1667,0,1,1,1,,,,,,,,,,,
1789307099,G5SLmrEW2Dm7ibrJkQWFtCkfkbXtYSL6xiCD5qhGpump,LUP,AjWcN34suiHmmSbC5Hi318edXHH6y1yumXW6nxkrwate,pumpswap,1789242197,0.000002170,2279.69,2085,2085,0,2.59,44.8,536877.41,0,0,0,1,2,3,5235,2951,,-0.57,-2.09,-94.8,0,0,0,1,,,,,,,,,,,
1789307100,Hdr2942wnyU2WWqmHDjph9CTep9p7sbTWdwPAEpapump,AIGPT,83T5DY4CTF9zN39inZk3EZxSY4Ufsmn2BcSpQQjLh7ST,pumpfun,1789241429,0.00004174,,41749.53,41749.53,0,0,0,8637.39,0,0,0,0,0,0,7,0,,,,1369,0,0,0,1,,,,,,,,,,,
1789307099,FLWSojG1gB5VStYR3Sb4nQFRt43UBYkqih1j2CpVLqgd,FLWS,62sCoQRHneRNWeDXvDvTz7s5uTNgBZD9JE3389DVZ9if,raydium,1789236249,6.67,85091.69,,,3830.22,64030.07,258438.32,10330114.28,24,32,553,373,1593,1361,35555,37692,9.92,34.74,8.2,111,0,0,0,1,CLMM,,,,,,,,,,
1789307095,3R3TBCuybuRHmWkhFjkQqQjQdcfVSb7hz1SXNzfusvro,AC,8zMAWFwoPcdyJoirM8DahpsDNBBBFjSMg6KVEWAJmwd4,pumpswap,1789272491,0.000003286,3054.67,3091,3091,34.63,53.17,2086.51,34191.28,1,1,9,6,52,69,489,552,-0.19,-1.65,-55.98,-92.13,100,0,2,1,,,,,,,,,,,
1789307098,DBDqhnAi5MjaHsk1JyUonAtUUrmRBJPjJi3GdiBLpump,OGCALLERS,EvWn2BHHo1431m3sUGvcBv7QU1L5PLDdParJJtfjs3rE,pumpswap,1788640178,0.00002996,12787.28,28485,28485,29.23,63.22,1173.66,5579.44,0,1,0,4,20,15,89,64,-0.42,-1.67,-10.11,-2.29,0,1,1,1,,,,,,,,,,,
1789307095,4aPz3rGjf8Ejky5jaCfRb7HF6VEmfku8b4uAiLyMpump,PUMPTHING,HS4udCwBxuwa9PfFtjQxRDY5VkZZUP6uKJxzbkp3nfSX,pumpswap,1789244221,0.000002066,2268.52,2044,2044,0,0,1.82,1077096.04,0,0,0,0,0,2,12739,9749,,,-2.4,-97.44,0,1,1,1,,,,,,,,,,,
1789307095,5kZJJDsxRBbN7QQQCs9s1oQKFRaEkNbxLdvwodHQyGg6,TWINE,9urHs1LGiv6k3i4WAc8UWynxy6UrLHgt8eRuNYuXH6ne,meteoradbc,1789244222,0.00005031,,50318.67,50318.67,0,0,0,9158.19,0,0,0,0,0,0,301,376,,,,32.19,0,0,0,1,,,,,,,,,,,
1789307095,3Krku4MK88Tc4dZakQFdo3QJL9knjhZLBjTvSdJepump,NVDA,ANi2A59AT5ze4qb4GhjQJHfSaTzAgeqXDpQPWp43qy41,pumpswap,1789244234,0.000001810,1825.98,1808,1808,0,0,0,198643.15,0,0,0,0,0,0,30999,32019,,,,-95.7,0,0,0,1,,,,,,,,,,,
1789307097,AsttHF1Rt1fxe93i1zFji1y9UuKqMY74xVHUwvve1WZ5,UMG,nmczZqgqcueDpH6atTntXPK8AYfxZHeyqzqJgKEGoYG,meteoradbc,1789244270,0.00005067,,50675.05,50675.05,0,0,0,5410.87,0,0,0,0,0,0,143,193,,,,333,0,0,0,1,,,,,,,,,,,
1789307096,7bZY7dBihLhTVKYkSJk7XhESyaXRrzwRtwjLCHWJpump,SAFEMOON,CxU6YJmGNUR7K9HqvUbQTn2SSKg3342tFXh5jqoR1YGk,pumpswap,1789249847,0.000002229,2233.4,2153,2153,0,20.83,21.05,89329.66,0,0,0,5,0,6,934,1166,,-3.13,-4.1,-94.71,0,0,1,1,,1789307172,0,0,0,5,0,6,536,592,100.0
1789307098,DFMPa7yZrxFwSf7TdQTLoV8gBAGJf1WGXvcat8QMAvAE,JMZH,37E87QuQ4T3sz6Jt5EbpqqhsC6TyekN1aKZBG3ZU1H3g,orca,1789249266,1.49,925908.19,149987753,149987753,0,0,1.52,17.1,0,0,0,0,0,5,12,5,,,-0.02,-0.02,0,0,0,1,wp,,,,,,,,,,
1789307096,7W3egbGAanRdeYq2DsNPBr8QaLxoYGwoyKUH85crzFb6,anon,6B7kAAJch3iBQUeZnZFpRrs7XcjQD1T8ZV5UKBVFzBVP,meteoradbc,1789249086,0.00005072,,50729.5,50729.5,0,0,0,10809.45,0,0,0,0,0,0,481,586,,,,33.06,0,0,0,1,,,,,,,,,,,
1789307097,Aqai9pvxo8AtmpzeoBPCUikZTQ8FpyK3RT8vKaSUxi7H,SNK500,9A2SnL4UvfQQ9BbYuHaAMj2Qrj71GYiZDhQrEuK4XxZM,fluxbeam,1789249270,0.001274,1261488.89,1274443,1274443,0,0,0,9008.02,0,0,0,0,0,0,300,0,,,,904,0,0,0,1,,,,,,,,,,,
1789307095,4YkVZe57ESXywBGC4mzbYVrHgK8Sno7aNx2f1HsKpump,SCAT,FWrWKsGpJ151iVE2EENf5vxw52fQA2Lda8RexH1ASzS6,pumpswap,1789250184,0.000003115,2975.62,3009,3009,5.25,13.97,2333.67,193993.54,0,1,1,5,24,30,3029,2467,-1.38,-0.37,-13.67,-92.54,0,0,1,1,,,,,,,,,,,
1789307094,2xSkFRLmmwA8WeMwJbAFiAtouJpkxKdW4ifXTa3h8tfZ,MDOG,8NzWJYKLC6VtH38NhxUdtd9GVy6MCvkLGWLgjYRw9k5q,meteoradbc,1789249243,0.00004831,,48314.09,48314.09,0,0,0,4655.87,0,0,0,0,0,0,97,130,,,,312,0,0,0,1,,,,,,,,,,,
1789307099,GAVNZKxbEt1sL5YHnR5gX9v1rNswJVTHH4ycYuoXpump,PUMPCHAN,7hx3FcNkUaBoG5VDxhFuzmeefrYPuyhUBbwRF7ASozgN,pumpswap,1789250905,0.000004966,4589.46,4777,4777,0,122.07,900.33,303953.89,0,0,1,4,20,33,4272,3269,,-6.6,-25.43,-90.05,0,0,1,1,,1789307172,,,,,,,,,100.0
1789307100,JQWYyzQ9iNKfAWsf2G7ZZu4hubZzTDGehfBeNhPpump,GTA 6 Coin,CdcjZNagdmWB3pHaCVvp4A9vMiKvThitspcoaGZHXbTB,pumpswap,1789240811,0.000002128,2140.21,2128,2128,0,0,0,1289785.87,0,0,0,0,0,0,116870,73974,,,,-94.96,0,0,0,1,,1789307172,0,0,0,0,0,0,3182,3210,100.0
1789307096,8kvABvjVk9Thac7vXwcnJcf7jReBdmVTooyJXCW6pump,Underdog,FBnRHadjfYAEQGBrtJ57t9DpsD6AfsxyYRXnHPgjQQdq,pumpswap,1789270426,0.000004388,3800.38,4157,4157,62.29,78.31,1112.83,42887.81,0,1,2,4,32,60,691,699,-3.37,-3.58,-33.21,-89.6,0,0,1,1,,1789307172,0,1,2,4,28,52,376,427,100.0
1789307095,3uEVodfTeqLsBssjQ5VPEwwdsTwWCJGCd3FVyx7RUNVB,ISG,5NVx3SjDrTHaGD3XPFWTtkLFvmVBwW8nFv3Ut1cHBqpo,raydium,1789092123,0.00007607,24145.05,76078,76078,95.45,1726.76,7246.65,103199.18,0,1,19,18,82,71,840,641,-2.89,-11.36,-41.02,30.32,0,0,2,1,CPMM,1789307172,0,1,12,15,44,51,375,356,100.0
1789307097,9eciHjJopku15zkke5GGdpPdfsDTqsfhQA9EibrApump,ZFBRAIN,Fw3eBy9DmEhtTt9X3pg7T5P3zoi5Dogo3bhRRDgzqP6T,pumpswap,1789254671,0.000007669,5590.45,7255,7255,2.88,2384.49,3141.26,76364.65,0,1,19,15,41,35,965,918,-1.59,8.37,32.64,-80.86,0,1,1,1,,1789307172,0,1,16,13,28,27,460,530,100.0
1789307097,93oiJqw78EUpL4JAxKSb1rdnsZw69HQjgQQ9DVpPpump,PUMPDOG,7xNGzt2v3W9qBC6xBdQHqmgmEhFf6B8VMS5D3VReUrPN,pumpswap,1789254047,0.000002760,2761.55,2695,2695,13.97,23039.23,103674.37,328526.03,2,1,3155,288,4713,977,19133,3309,1.27,-96.71,-96.84,-94.57,100,1,2,1,,1789307172,2,3,3140,277,4548,891,18191,2660,100.0
1789307097,BXfQckZtKu4oA3s5d8qmTHkkkVcULv9JyzKwD2YPpump,Pump,EQLRoZk2hfjy9CTzdWkXcX8m8TcNW5FCfGc6GNoeUfGH,pumpswap,1789253796,0.000004575,4225.6,4340,4340,0,0.28,74.46,108243.47,0,0,0,1,1,11,1090,949,,0.17,-5.19,-91.21,0,0,1,1,,1789307172,,,,,,,,,100.0
1789307099,FxH5Cckf9wekfnudc3E3FGaWPZd1h6ffubnsqYHpYSL2,YzY,5ZuQ1AuyyA9Tup1JLtscp1yhd4dZUWqHqzC8wE4SVuCd,meteoradbc,1789254955,0.00004899,,48990.75,48990.75,0,0,0,5571.6,0,0,0,0,0,0,152,225,,,,28.31,0,0,0,1,,1789307172,0,0,0,0,0,0,111,162,
1789307094,13Q4nKat9uo1E649hWYxDuJX2j4Z1yZ2aqFnuztVpump,Anthropic,7a9A9chCRpBuRayqBnbRJjRK2PB8z1KjkjQR5rn7Skj4,pumpswap,1789254939,0.000001855,1869.2,1855,1855,0,0,0,97903.74,0,0,0,0,0,0,2673,4876,,,,-95.61,0,0,0,1,,1789307172,0,0,0,0,0,0,852,2683,100.0
1789307098,E3YmGXX97xKjaio7AxFcu7ccWiqJtMWAzvFpcfMX6Zi9,ZONKS,9ke4z9VsGLQET8BaBv4f1Gusynt3nGWZxVhjuiag5JRp,meteoradbc,1789254965,0.00005013,,50130.62,50130.62,0,0,0,1296.25,0,0,0,0,0,0,23,10,,,,283,0,0,0,1,,1789307172,0,0,0,0,0,0,21,10,
1789307095,4uFipPwF5cjUe2RxH71UwHA9YodLzR2ULX4cTBpTpump,JEWCAT,6a5o8uTN8Q4AmhtcQjAX6RJwVrLaFxd7PBtQKs7pE4sQ,pumpswap,1789256277,0.00004495,18507.26,42689,42689,106,7437.63,19487.26,632227.69,8,1,93,79,345,244,8024,5992,1.35,20.5,5.16,-9.38,0,0,1,1,,1789307172,,,,,,,,,100.0
1789307095,58ysj4JcBMg4amcwvyqMVLAhJhSfCd288HLfrgvPpump,RUGDOG,2xxhDwR3MYUwoZU37zgJRDf1Y3co6GWPfsV9cYVLW9W8,pumpfun,1789183585,0.00002102,,21021.05,21021.05,174.33,395.84,4744.11,44652.78,7,2,17,10,113,82,980,672,3.92,7.01,16.91,14.15,0,1,2,1,,1789307172,7,2,16,10,73,58,440,362,100.0
1789307099,FtUbzV4wQPwczrqGUHS2wXgTtfwk5rNxttzoJZtHpump,Quest,5G6BB61gNqWmJd1hgeozyLAA4WjqufjZxkffPu6k4ggq,pumpswap,1789256217,0.000002691,2604.5,2554,2554,0,2.03,4.86,65063.22,0,0,0,1,0,6,1022,1030,,-0.13,-2.5,-93.57,0,1,1,1,,1789307172,0,0,0,1,0,6,530,614,
1789307096,7zqyCApWwFBrmFaRaXAb7egM6X6yBSvcJUHHzcqmpump,jewcat,6BtAZd4bpETSqrqxn4PLxJHTHUukg6cQmHqcBwG6EyBR,pumpswap,1789256218,0.000002806,2860.66,2684,2684,0,0,61.06,183109.5,0,0,0,0,0,10,2123,1737,,,-5.72,-94.63,0,0,1,1,,1789307172,,,,,,,,,100.0
1789307098,CeMP2cLUhQWEXioy33vWk9nCsXv1qvgrZ87PtDaypump,THUNKER,4bhYg9N3CDYacfT8WwBPFkgJxDvMGHHABixpY2BzAb4d,pumpswap,1789250164,0.00008300,30793.88,80581,80581,1485.54,4068.66,17725.97,342942.35,8,6,30,23,171,163,3565,2217,-12.78,-20.13,-18.43,-17.56,0,0,1,1,,1789307172,13,6,31,22,122,141,1565,1347,100.0
1789307100,HHDuCwdk67cfJJKmohQ5ziw4JML9xFmB5u8r3kLXSAke,STONKBULL,EoZcwMsopX7nU8qmMZN4dhGpSqsPLDV6RtWXCRHjyAMt,raydium,1789254474,0.00008629,22993.03,86292,86292,265.34,3504.52,27949.47,274689.48,9,3,44,31,286,184,3068,1780,0.54,-11.34,-21.41,96.93,0,0,1,1,CPMM,1789307172,3,9,29,35,145,181,1059,1309,99.9999999998699
1789307097,9iJgiRRawY6Vvvnjvn4EJF5nuLXgrLT11zkApEXVZLaE,SUIMUI,FkDayYvzuks1JabsgUFSXDF84XACYSiXGa5xTsioQxEC,raydium,1789249057,0.000003232,4716.43,3232,3232,233.97,523.91,1192.69,32562.96,2,8,3,11,17,21,305,283,-16.14,-32.1,-13.42,-92.53,0,1,2,1,CPMM,1789307172,8,2,11,3,21,16,187,161,99.9999999993542
1789307096,7KB1jWKbmKrccktJsSnpdmuKddoAwMWMU1ut3uLrF9fk,jewcat,GxKHMaDg7Yz1DRussySBCBQQ1jhmw4JUE6x8YScErymb,meteoradbc,1789256377,0.00004882,,48825.58,48825.58,0,0,0,4892.13,0,0,0,0,0,0,126,154,,,,316,0,0,0,1,,1789307172,0,0,0,0,0,0,78,89,
1789307096,6zoe9bgB1yQUe3NpeKxuZcGsYsiGdAxWEN4vyQD2rx9f,CAPY,8L4XSPHdTNXkLvgEwGTa2187DE98ruKWQeqFmCj7ddfE,raydium,1789238592,0.00007089,22650.97,70899,70899,402.27,4247.28,14331.95,314490.16,1,4,34,26,124,103,1757,1509,-3.39,25.97,41.61,54.03,0,0,1,1,CPMM,1789307160,2,1,15,27,62,78,720,863,99.9999999993506
1789307099,EUTipzFepgT9614RaCQaKcqL2NnJFDmvpTcZTrXYpump,MPAIR,ETLDzT8HQBseCR6m6CDwmhWkg7CjbNHdPCmMVkchGDdg,pumpswap,1789258584,0.0001411,33041.86,137181,137181,1744.88,18954.25,196790.9,2005010.07,21,8,204,141,1434,1191,14860,11658,16.6,-2.13,-3.01,237,0,1,1,1,,1789307160,22,22,118,108,585,586,4053,3608,100.0
1789307099,GRtWFNbfsxV9P8ikDNZNLFqEBQ2yfSzX8SBMudbhBT4W,KEKIUS,58heVuDm6KyApAfUYzWySh1Gkb7uw3AWhnYzc3bDVKvj,raydium,1789256274,0.000002720,4463.88,2721,2721,0,17.32,266.03,152986.09,0,0,0,1,7,11,1408,1178,,-3.96,-19.06,-94.51,0,0,1,1,CPMM,1789307160,0,0,1,0,10,5,687,715,99.9999999997784
1789307096,7McEWYQfbCc1m744nJUeJgvt78FiJTWWsgoCrUG4pump,TripleC,CoN6jKqQg86n2f6cjdkvNTw4cbCXwZZ7ctGzjW9p36FR,pumpswap,1789257455,0.000002001,2207.26,1975,1975,0,0,0.09,1007649.06,0,0,0,0,0,1,13065,8145,,,-1.71,-97.19,0,1,1,1,,1789307160,0,0,0,0,0,1,5392,5375,100.0
1789307098,DEbvZt2QRA8yqNj2Lvsn8JdWjTmZS4yajwpzYL4ypump,CATFLIGHT,29Mb1iF9Whpm2G1SXQkiZut9zs5NDBsgcf9bz9TzuFhC,pumpswap,1789256335,0.000002249,2604.53,2197,2197,0,0,42.14,1917069.99,0,0,0,1,3,14,49130,15257,,-0.47,-1.37,-96.01,100,1,1,1,,1789307160,0,0,0,1,3,14,5274,5235,100.0
1789307099,GKPntZNreVvWW8iCitaaH1BakpGLS4fQrQTXu7MGZBN1,INFROGNITO,6Ht37Zi6j6dQ3Kph4uuadSxhaK96UW9U2U1kwvySGyaU,raydium,1789254674,0.000005111,6724.54,5111,5111,0,111.99,801.32,217560.88,0,0,1,5,20,29,1577,1416,,-9.19,-8.46,-89.13,0,0,0,1,CPMM,1789307160,0,0,5,1,29,17,813,822,99.9999999997979
1789307099,F8dStQxqijGctDxJKe6HCJqvjpTdWj6XJBHD7cuTpump,MLS,HrqfxstM3xzJKJ6YHzaznicVkCBgttNuRVnCQDQ8A4RC,pumpswap,1789259807,0.000003164,2968.1,2746,2746,0,4,136.51,62569.84,0,0,1,1,1,22,889,1026,,-0.07,-12.04,-92.42,0,0,0,1,,1789307160,0,1,1,2,1,21,458,608,100.0
1789307098,CvEELGZNC9he6z5yw8cw3WHPDwNktCCbVgf5KGmgfYFB,PENIS,2CgeXroZqJo3QuTCVMUTRJuWbRHGwnuZiAaECYVi6aeb,meteoradbc,1789259104,0.00005070,,50704.12,50704.12,0,0,0,13301.27,0,0,0,0,0,0,497,647,,,,32.93,0,0,0,1,,1789307172,0,0,0,0,0,0,188,184,
1789307095,3oXJ4ogs6jC7WinvGRNfbKRtxTvN2vNQTTh1GY9cDkX5,DeepSeek,8FSbWZZTYkirKNfZPnLVePeZz8nyK3Y4MAnmygD5kSD7,meteoradbc,1789259051,0.00005032,,50327.54,50327.54,0,0,0,5838.36,0,0,0,0,0,0,163,229,,,,31.96,0,0,0,1,,1789307172,0,0,0,0,0,0,118,146,
1789307097,9AgRr2MMG1tkBATyT3soK1tGDE7WCgNoqmfWmF61KqAy,Stable,GAzkbd1pxMYjAwx7eSoijdzReMnc4MBhQdUYnnM3m5XV,fluxbeam,1789259149,0.001275,1262447.97,1275411,1275411,0,0,0,9018.95,0,0,0,0,0,0,300,0,,,,904,0,0,0,1,,1789307172,0,0,0,0,0,0,20,0,0.0
1789307098,DfeB5ayrwcqWeYXgy3is2rr1NZgKakNkpEZgx9tgbSfo,Jacob,4PN3R7AeziYbwBd8ccpx6DZXVLBGDb4Qbaxbm56mcmJw,meteoradbc,1789259119,0.00005073,,50731.78,50731.78,0,0,0,2327.95,0,0,0,0,0,0,89,86,,,,35.31,0,0,0,1,,1789307172,0,0,0,0,0,0,79,67,
1789307100,HnejqfBvNh44obRPyTKGaG4FpaqgFx5HXny9Ug9oZVu3,ALLINU,C8wnvrAeTas3Ev6PgQ6ZvbQiBTY4FHRx3x3LVEGm5qbF,meteoradbc,1789259021,0.00004692,,46929.86,46929.86,0,0,0,6357.87,0,0,0,0,0,0,128,122,,,,300,0,0,0,1,,1789307172,0,0,0,0,0,0,71,73,
1789307099,FL1AmsGqkrdc8iB4Qdojcqjh5dNgjauJcfqQMDmHt5oC,Stable,DggtbjonvjfYLovE4ePTnFdEbfjxkF69zfarizByZ6SD,pumpswap,1789259137,0.000001863,1881.43,1862,1862,0,0,0,64118.83,0,0,0,0,0,0,569,789,,,,-95.59,0,0,0,1,,1789307172,0,0,0,0,0,0,214,231,100.0
1789307095,64z8konTJeLY6BasYBVET44Mf6NMusPjPHsY6oZ9hMi7,Stable,ReqFTV2pxiGsbGoXytJpcB8kX8BnepVrf4pDZ7cKe3U,meteoradbc,1789259197,0.00004979,,49797.98,49797.98,0,0,0,3708.24,0,0,0,0,0,0,103,109,,,,325,0,0,0,1,,1789307172,0,0,0,0,0,0,76,76,
1789307100,dDww6zV6Skd8UGpDAX5TpZgd434xg3Hxu9nbGUAcjSY,Axiom,7g65e5E8L3uYu2k1N9iUSxyXZ2YtAh5Gz4rAzD8GsAHH,meteoradbc,1789259066,0.00005079,,50793.11,50793.11,0,0,0,13937.96,0,0,0,0,0,0,368,457,,,,315,0,0,0,1,,1789307172,0,0,0,0,0,0,156,168,
1789307098,CRnmkD9UwUdMGNftBmE4DrFqKZ5NVi5ACDA4hQjwpump,Stable,kqTeFJ7E2YQESbHjWPJjNEZgWfGadWFh4KJv8A2cCsE,pumpswap,1789258644,0.00004898,23135.01,48507,48507,538.34,3646.2,33956.74,6496941.9,7,4,42,50,326,360,35393,32124,4.45,-7.33,-14.69,-15.6,0,0,0,1,,1789307172,3,4,29,49,198,288,8252,7353,100.0
1789307097,AVNCgfgFBg1sTMNcJUei9marFjojSUbqootARL2Npump,OpenClaw,pG63Vh95HU3pq2Pwde5h9oYLRc1oSRpnReVTC5Wjnfo,pumpswap,1789247762,0.000002113,2127.25,2114,2114,0,2.48,5.92,1668561.75,0,0,2,0,3,3,38972,23202,,1.42,4.14,-94.99,0,0,0,1,,1789307172,0,0,1,0,2,3,3382,3554,100.0
1789307096,74iESrPpGuHBuC3fi1ykAbQoyho1Lu9HDvxW7yzmgDBC,PENGUIN,BrHqUCEua9Giaw46PfFyMepzjWq897ExuFmCLNNzudiX,meteoradbc,1789258657,0.00005047,,50476,50476,0,0,0,3942.46,0,0,0,0,0,0,147,139,,,,286,0,0,0,1,,1789307172,0,0,0,0,0,0,111,91,
1789307099,GaBdgBaDCcBsPuWrc8HJ9eX1vLBvAMmrGtjGR3eNpump,MCAT,Ecr7o1BEhQchJ24hotSxKPywY3MD4Di1Ju2Dgb3F8TaL,pumpswap,1789262555,0.000002278,2559.48,2246,2246,0,0.1,0.21,1414344.99,0,0,0,1,0,5,18833,10738,,-0.15,-3.14,-96.81,0,1,1,1,,1789307160,0,0,0,1,0,4,6329,6271,100.0
1789307095,33HJnfrGMGtKS3U4RHxiur3pXWso3ddBtxfWbvreAMfV,ㅤ,6MCnEsLaJXSo9TNyZhP12BLmzBCm8rp2XwcHY5o7JQdL,raydium,1789262893,0.000009276,7837.65,9276,9276,17.8,1840.54,7684.52,143168.17,0,1,23,22,123,117,2450,1436,-0.65,-12.94,-45.04,-79.18,0,0,1,1,CPMM,1789307160,1,2,18,22,79,95,808,845,
1789307097,BDS2EAqpJE5m24wcRMLeVMyy1V3zjLHQznFu8EFopump,PUMPCHAN,Dq8z8gVkmzWfReRAs52JxSoUp7qZVhy8gGJjAGWUZzhF,pumpswap,1789264231,0.00005830,20463.44,56087,56087,0,1085.72,4717.53,106346.98,0,0,3,10,30,35,965,891,,-14.55,-1.93,15.75,0,1,1,1,,1789307160,,,,,,,,,100.0
1789307100,J6yfijfLKZrbKHXXokspXULw7Q15hKd8RuvGxpo9GXHA,VAGINA,tPZJXjJnQowQ9iv464AoTBjCd8MaQQL8423xbeG75a9,meteoradbc,1789263543,0.00005071,,50713.06,50713.06,0,0,0,12931.76,0,0,0,0,0,0,577,607,,,,35.12,0,0,0,1,,1789307160,0,0,0,0,0,0,194,188,
1789307098,D9Gfamjr6RdLqTbFm2SGU3DdJ16AxLb9h3763ddd1pt7,MISSILE,AocTJeeS5mP73qFsQc6f43JwQJfnpRdsnyn3ypr7x9JX,meteoradbc,1789263801,0.00004635,,46352.38,46352.38,0,0,0,15855.18,0,0,0,0,0,0,187,173,,,,277,0,0,0,1,,1789307160,0,0,0,0,0,0,129,118,100.0
1789307098,CabF242SnMMx45UwC2rzZaUbgVB9bAJuwPfUvDeE39wJ,GLC,CTGiiVSa7FrWxWamHpmuCtJhAYKGtgFyTYB3LHXcWLLx,meteoradbc,1789263552,0.00004413,,44133.14,44133.14,0,0,0,9366.05,0,0,0,0,0,0,811,847,,,,345,0,0,0,1,,1789307160,0,0,0,0,0,0,209,190,
1789307096,6zZKWb3nfDwZuDM5Hgiw4J57ME69uCCvYzBdRcKwnh4B,COM,GREhKVgqsVrHZF7R45MmMeJJqGssF89PNBVsmGBK9BQs,meteoradbc,1789263823,0.00007798,,77989.43,77989.43,0,0,0,5894.12,0,0,0,0,0,0,467,497,,,,684,0,0,0,1,,1789307160,0,0,0,0,0,0,187,160,100.0
1789307099,EYQgV2Z9jQRDQJ6A6i69dXVq8pttaccxzZD5eJQWmfwm,ㅤ,4qX2kgmzypLq2Y9iY5tqXvS3QCtELwxckmPNELpGWTYC,fluxbeam,1789263721,0.001279,1266093.23,1279088,1279088,0,0,0,9066.83,0,0,0,0,0,0,300,0,,,,902,0,0,0,1,,1789307160,0,0,0,0,0,0,20,0,
1789307100,HUZMhUSBNyyLF7Z1kinhjRhZvUEjSRKtJJENxnGJXiTL,MISSILE,9qKnnS3PciauPCJ3ekzPTZNGwR4cVvdU55hcUpeGU4wP,meteoradbc,1789263677,0.00004671,,46716.77,46716.77,0,0,0,10977.44,0,0,0,0,0,0,136,141,,,,280,0,0,0,1,,1789307160,0,0,0,0,0,0,108,113,
1789307098,DSF4CyuWmB5c7S5ig5by3jMHQvqmj1KtgyjE8Sthpump,PUMPCHAN,52kK9b1NkhVeGRNhpVzGs4Yg5oVcV7hATWyk7rtEf72Z,pumpswap,1789264166,0.000001946,2042.29,1919,1919,0,0,4.88,413747.59,0,0,0,0,0,1,14196,9343,,,-1.9,-97.68,30,1,1,1,,1789307160,0,0,0,0,0,1,8694,8619,100.0
1789307096,7K2iAPzHddrghwBF7S7oA9qHr7dDR4QvFmdD1sZgRJxF,KISS,CTp8r4HAu8TaGBFokhfR3DdXmcodRP5vKgugvKQ2HHr,raydium,1789077772,0.000002726,4396.85,2727,2727,0,0,136.38,15204.99,0,0,0,0,2,8,136,120,,,-13.21,-96.67,0,2,1,1,CPMM,1789307160,0,0,0,0,2,8,67,83,100.0
1789307095,3YvxasiPsSudnNVSi7GP6x3VTev4xbbmttUrxVzEW1sc,DIGGER,EfGMyLsqAuzjikYCHN2LqoDV2QSoMAEzt6ZSVaYcTq9Q,meteoradbc,1789265721,0.00004985,,49854.42,49854.42,0,0,0,15134.79,0,0,0,0,0,0,476,542,,,,305,0,0,0,1,,1789307160,0,0,0,0,0,0,170,165,
1789307099,GkSYRSHfdxvucqH4na46sZhvbfc2Hz98XpMoqpxrAMyz,stomp,8paJGvUUhPSiYUh7oEZMoT9CKhJthMhxMrTdxFkoc6vA,meteoradbc,1789265720,0.00004794,,47943.43,47943.43,0,0,0,15663.35,0,0,0,0,0,0,326,309,,,,290,0,0,0,1,,1789307160,0,0,0,0,0,0,177,181,
1789307098,BeExB7k3bQEQHiiwMqUCWUcvV8yzHshVVzupZehfhmZN,WeWorm,BodpgmBFCvnFqr1y1csWP1rPYiyddniai3APYDg2BE6H,meteoradbc,1789265731,0.00005031,,50316.93,50316.93,0,0,0,19358.68,0,0,0,0,0,0,482,617,,,,309,0,0,0,1,,1789307160,0,0,0,0,0,0,178,169,
1789307095,3937Rsye62a53Y5o3UVG6gDPk8whAnKq1sxCV3Xu8YLP,DRUGS,G7k3VPqq9e1wPQ89x2fJnmAtTsndQi24VjKtoLhpm8WQ,raydium,1789265921,0.0004417,58043.28,441709,441709,629.32,3794.13,29781.57,613649.16,1,2,32,27,249,254,3544,2676,-0.95,-4.4,-19.91,859,10,1,2,1,CPMM,1789307160,2,2,18,20,119,109,1203,1370,99.9999999999618
1789307094,25K4hRtBcWeVumkiPh5jN2LBj8WxKGxnGbjJ6e6b6RmU,ZEAL,8rq8Sqa6sHHmuwQ8nJ3dgRvGuPoL1w1Piz7XuaBC6EVd,meteoradbc,1789270856,0.00003906,,39062.98,39062.98,0,0,0,8252.54,0,0,0,0,0,0,740,797,,,,218,0,0,0,1,,1789307160,0,0,0,0,0,0,209,207,
1789307097,Am8S8JEAuT87XWRmZUmUmuRKi27nrgzQCZRzdduEepma,TikTok,E9bEU3cbtzSr4kGpJMJwzsR98r5RovQJDqMiq6fmiEG7,meteoradbc,1789271014,0.00005037,,50374.55,50374.55,0,0,0,6438.96,0,0,0,0,0,0,298,286,,,,34.24,0,0,0,1,,1789307160,0,0,0,0,0,0,167,144,
1789307100,mzSzvyZvvTbNd8MZpo1cXJBeowcfrUDUtdu7fsMNGWT,BLOXCAT,J4rs3nJJdxwEC2cgHqrThP9VRyRu78EipE3V641dnNqQ,raydium,1789268202,0.00004751,18382.74,47519,47519,408.7,3363.54,15097.9,136416.93,0,4,8,32,117,111,1068,772,-8.39,-29.41,-18.14,-8.22,0,1,1,1,CPMM,1789307160,4,1,32,9,96,84,478,600,99.9999999461275
1789307096,8BiroRjTpHbMbiBPLa7RddkaEmy7XmyG7vi4hceHpump,Solly,Bbf3yhnt24L8Up8Fr5qyudr7Yixy5i6B6LRr1nQbbBy4,pumpswap,1789272409,0.000002793,2738.25,2694,2694,0.43,84.21,216.79,215777.1,0,1,2,7,3,33,3336,2741,-0.14,-6.7,-17.57,-93.21,0,0,1,1,,1789307160,0,1,2,7,3,33,1202,1251,100.0
1789307099,EwP9Eq6sbcBg366udgF1w6JoHw3yiBt38pKxdoQLJ2dQ,GSTONK,4xk48EyecLiN7KxnmzegafhtqexWNbmvvuYGDqVGGiN7,raydium,1789113615,0.00001964,11658.5,19593,19593,0,0,3109.16,9055.33,0,0,0,0,19,8,71,31,,,-38.58,-9.96,0,1,1,1,CPMM,1789307160,0,0,0,0,17,8,44,28,100.0
1789307100,HupsmbBtDYKuwmnxCf722VjJ8zbAhPcKw3M2zVspump,Medusa,FqKRfWCLL6pKoUDdqMBXqw6ttvqchgsmBkfSVciMaCjs,pumpswap,1789269936,0.000002055,2180.77,1996,1996,0,0,38.52,485627.83,0,0,0,0,2,3,6246,5335,,,-0.23,-95.11,0,1,1,1,,1789307160,0,0,0,0,2,3,2477,2485,100.0
1789307097,9sB33wEkACxz49rZPfTyCzdZZA4vnDZsaxJ22HR7YXny,JubJub,GS5ry1vh3xuPQf9njBYYmddEzqHdDuosRWVdVsnXwkJ1,orca,1789273112,0.001554,1523268.04,1554385,1554385,0,0,0,1028.95,0,0,0,0,0,0,16,15,,,,-0.6,0,0,0,1,wp,1789307160,0,0,0,0,0,0,6,5,
1789307098,ChewKDimGn1Y4m3ti9amfjwcLkV1KvPDDQ1LZ6dppump,Micron,CQXpaHdtKBgzUgPujGqs1riD6mn2AMjDkhBJ9bwXkB9Z,pumpswap,1789266172,0.000001773,1788.85,1772,1772,0,0,7.7,202980.06,0,0,0,0,1,1,41432,42053,,,-1.4,-95.82,0,0,0,1,,1789307160,0,0,0,0,1,1,414,1482,100.0
1789307098,E6xuoa8gUidJYt8J5UmMiKrwF6vzgyVuJC5NSjU1s9kn,BTRUMP,5ELop6yg1oEBD3T4hP2Csbu1PNUfHnSfrSsARUGh9x1X,raydium,1789267458,0.00005635,20307.93,56353,56353,144.94,6724.08,26409.28,329616.64,2,1,50,36,148,213,2015,1673,2.83,79.54,-41.09,21.93,0,0,0,1,CPMM,1789307147,2,1,29,29,134,87,795,965,99.9999999893243
1789307099,GXrRDTMJ8w3h8xh4cftQunC3yAafhHRPF5enUegSiKDw,GHOSTKITTY,7SBS4seXD2dzMsDVTSJiTdBGTq59R42XYGUBX4UeXPrP,raydium,1789276085,0.00007331,23663.45,73317,73317,228.68,13074.09,171418.88,754009.85,8,5,202,127,1702,966,5668,3791,5.88,48.01,-72.19,86.72,0,0,0,1,CPMM,1789307147,7,8,98,119,600,652,1634,2030,99.9999999998235
1789307095,4LkgRrvwYJaGZHdKAbgMgypxwgDVNZ8rCYyJhSWh8Eez,RCHUMP,GuB7RyxSH5CkR1P1bba1yS7KghrtpDotrb8qyVVnmZL7,meteoradbc,1789278043,0.00004918,,49180.07,49180.07,0,0,0,15881.24,0,0,0,0,0,0,404,523,,,,301,0,0,0,1,,1789307147,0,0,0,0,0,0,154,139,100.0
1789307099,F2hTypxpqBigYKKnqwryLtmHTmnUkkm2JfTDhxRiMkum,KEYCAT,6gzhHBviZmWcaNGVSmHs2H3o2VkXdkyfsH9oyWPHZktQ,meteoradbc,1789277994,0.00004936,,49364.87,49364.87,0,0,0,4728.42,0,0,0,0,0,0,205,195,,,,31.67,0,0,0,1,,1789307147,0,0,0,0,0,0,131,113,
1789307096,8WXiWXTMNPxmzpZdEmGBYNc3j7B5n3VEqgD6LjXAx2Xp,LOTTO,J3ASmssarchzNYMN7S7Wrpbq9Ex4BGN7obuSN4PNHK9H,meteora,1789138058,0.0005332,74020.47,505615,505615,4882.23,56254.36,226258.92,1016850.28,39,9,295,185,1072,751,4644,3909,6.82,2.03,-15.84,152,0,1,1,1,DYN2,1789307147,32,6,179,120,566,442,1808,1584,67.0117663808321
1789307096,8StnEDgfxfvxpCUUMH9ChXaqAkGGtxvnfxCAYHYnPXja,FLOPPY,8jvjNdWNKoFj9V3TKUYrpPTdQzNxuJ5LjNhLCPm8hRAA,raydium,1789285399,0.0001023,26707.31,102334,102334,886.77,12297.35,128490.45,131817.03,2,7,70,52,1112,705,1144,724,1.09,-38.6,103,138,0,1,1,1,CPMM,1789307147,7,2,44,59,437,553,445,570,99.9999996955547
1789307095,65rFgEsjPWPmyLRFU2CQRRtnCcjnYwr2KNrqtKsdKfAu,UCAT,CNNDJaLZvDoHHV2bWq5MRtKUvHKD48e43JFSq4rghStw,raydium,1789281826,0.0003386,49467.27,338610,338610,4186.4,37035.62,259241.62,468013.65,20,13,230,133,1678,1117,3377,2288,10.91,61.82,67.53,687,0,0,0,1,CPMM,1789307147,21,12,137,97,690,609,1303,1056,99.9999999911038
1789307095,39fz7cnk6qmaRdAhvrxUamvpLyJEMSgVkjoppxw2gDfq,OKKB,7uNFjoEJPRxp2SCahfGjNwEWQYem6Uq4NREWNkhMBQYg,orca,1789285357,1.00010,52658.65,1000101582,1000101582,0,0,9.91,41.91,0,0,0,0,1,0,9,0,,,,,0,0,0,1,wp,1789307147,0,0,0,0,1,0,2,0,0.0
1789307096,794zVEtBvDHa4Y8V7n29w7vtBii6H3KhFcbgEAVYjN3M,RUNNER✅,EDMdzUMfx3FHhaaVaTrSeRhdnkQBWDLr7eS9GVZrqEgH,meteoradbc,1789278826,0.0001001,,100183.29,100183.29,0,0,0,1025.67,0,0,0,0,0,0,24,6,,,,10356,0,0,0,1,,1789307147,0,0,0,0,0,0,23,6,100.0
1789307101,uBmt22oAcfAtot7A3boRovgD5VkMLrHnqNopbkkboAe,SINNER,HAjiR3qfcGea7VomED6b1YU3vRTB8RkX5krQaW69rWjN,meteoradbc,1789285181,0.00004861,,48617.57,48617.57,0,0,0,9129.35,0,0,0,0,0,0,222,301,,,,300,0,0,0,1,,1789307147,0,0,0,0,0,0,138,145,
1789307096,7h6HWtoeaJ9xmpMUieoFeQ19wY5NDwaEva5kk8GgbbQ3,RXA,GfzY537RsLgNpa1a4awkzpTYV4jTidRXjbmrSFGCqJuv,meteoradbc,1789285369,0.00003201,,32016.38,32016.38,0,0,0,10507.88,0,0,0,0,0,0,191,278,,,,200,0,0,0,1,,1789307147,0,0,0,0,0,0,141,159,
1789307099,FHoAvnqkn6hBvkgj3rUE5H17EURJdqyTNbrCEBiRyZeU,gigalon,8oPSUEmcquHEpK7M92TQPoGmKApG5ZixNTXFJQ2Ku9Fc,meteoradbc,1789285130,0.00004396,,43962.15,43962.15,0,0,0,3551,0,0,0,0,0,0,109,132,,,,247,0,0,0,1,,1789307147,0,0,0,0,0,0,103,116,
1789307099,EKPAWwbe4k9gtaiUGgNfhPWdCfcMx2MiV54bBqckoXoh,gigalon,FsZBfFn12oAhycdDaQkgQ4x4cxPgyLaEd78YPzT2brka,meteoradbc,1789285041,0.00004744,,47441.12,47441.12,0,0,0,9612.97,0,0,0,0,0,0,365,416,,,,290,0,0,0,1,,1789307147,0,0,0,0,0,0,176,169,
1789307096,76MHUXHuafBXZDQPzeL7E7so3813xmqf74RZ5Q8ixkHo,MPAIR,BxukRP2KHKVdR9C7xoj3EqG69XJp5djJVuFB1Fe2eZt6,meteoradbc,1789285062,0.00004606,,46068.13,46068.13,0,0,0,17636.17,0,0,0,0,0,0,850,1025,,,,23.53,0,0,0,1,,1789307147,0,0,0,0,0,0,203,196,
1789307096,8v3YbDp1tgswqr9CnojSKVhpmxmvcM7nicxuM4KCnEk4,ROBINCAPY,8EtpuoGXwgk8P7nhqaybCU8xfa15LrXdxaYmJZ7qdQVD,meteoradbc,1789285181,0.00008071,,80714.45,80714.45,0,0,0,16994.4,0,0,0,0,0,0,311,445,,,,657,0,0,0,1,,1789307147,0,0,0,0,0,0,166,189,
1789307099,FvxtYNSLc5ockp15UNG7NBrn8w9WGsH2ZVeCnLMwpump,stonk,G6QBXE9mzm1VtDMmLbiLb3uTNsTo6xRqq2MU7WHGWpsp,pumpswap,1789285265,0.000001928,1943.13,1841,1841,0,0,56652.52,67663.09,0,0,0,0,214,368,277,420,,,-96.27,-95.41,0,0,0,1,,1789307147,0,0,0,0,132,195,176,217,100.0
1789307095,51jek4CRWUgd5m3XaQmt53RzyvFjn3LF3qEB35ZYpump,BABYPUMP,6PbLMbPzbJENsNULiNkGhJWc3kTuVqcEQcxvSYvtVtse,pumpswap,1789299972,0.000008511,6473.76,8069,8069,60.76,9703.46,75546.36,75546.36,1,6,191,188,1487,890,1487,890,-2.62,-66.17,-83.2,-83.2,510,0,1,1,,1789307147,,,,,,,,,100.0
1789307097,ASufqeFVfDSQJgftJWNj9Z1KdxHomHwN5NoYzmfrpump,xStock,DdqFqqL44iYTBeY8F3FHG12z2rqjgCVbMhk3FB45KPsp,pumpswap,1789287584,0.000003074,2910.44,2942,2942,0,88.48,128013.2,128013.2,0,0,0,11,2154,2000,2154,2000,,-8.85,-92.56,-92.56,0,1,1,1,,1789307147,0,0,0,11,1026,1126,1026,1126,100.0
1789307099,GKeUT73KRsvWVYNfQPdghxdHTKKGUAESf3t8BZmfXvih,GROK,At3P9qp8d8LnrJAqm9eGizH5jc1uYpG5m3jMyyeKxrWy,raydium,1789202417,0.0004663,59839.69,466327,466327,981.22,6377.83,66482.22,614307.41,1,4,20,22,202,191,2065,1672,-6.33,-24.61,15.13,60.89,0,1,2,1,CPMM,1789307147,4,2,20,16,112,106,792,910,100.0
1789307100,HsUQhRregk8ZR9QqEXvjyrZP15rwj4au7VdXWt72pump,SILK,3ozaJubnwf6eJVbDnoRbEJN9U7H1TZNAmwzU9HPLNwjp,pumpswap,1789285648,0.000008974,6457.29,8642,8642,212.62,3248.82,509003.79,509003.79,1,3,112,72,7967,6600,7967,6600,-5.09,-27.57,-78.35,-78.35,0,0,1,1,,1789307147,2,3,26,50,2553,2421,2553,2421,100.0
1789307098,Bqr57yvgtpRHeHUMPM4wPBVixrAUpQ2shkN1gvakg7F7,gigalon,GNtDoY7vr88HEKkunoY2BerZ5UvpRsWybGuuWqLMMgd,meteoradbc,1789287325,0.0001002,,100239.16,100239.16,0,0,14391.98,14391.98,0,0,0,0,498,545,498,545,,,1014,1014,0,0,0,1,,1789307147,0,0,0,0,189,179,189,179,
1789307097,APS9FfY3aJvHz4XAttJEMKNbhJ7MBjQktQNMu3gjpump,COCA COLA,3GBMcoqv6aJ56MGg2oq5rbH6LgFq4WH8kQcUiHKoo8Lf,pumpswap,1789287522,0.000001749,1762.56,1748,1748,0,0,133593.9,133593.9,0,0,0,0,17789,19501,17789,19501,,,-95.81,-95.81,0,0,0,1,,1789307147,0,0,0,0,411,2396,411,2396,100.0
1789307097,9VqQs7TLxQaCzekPVjHxuYjGYES2iTqRkTy7Vo3YjHqy,0x,EP8ghKF9k5XnKYFUEJUkDg3cJuzUbrBpz4QPd4u9UB5c,meteoradbc,1789287580,0.0009264,,926443.35,926443.35,0,0,80.44,80.44,0,0,0,0,4,0,4,0,,,32.99,32.99,0,0,0,1,,1789307147,0,0,0,0,1,0,1,0,
1789307099,GkBWP7MSPpXBhKQwYhVk1QdnZnu3tuNzSwB2Pp2pVmY,Verity,GCF5Phu4wCxjXSBtrE8rYSMYcGW4aWfGkfKAPWLF9RiL,meteoradbc,1789287462,0.00002590,,25903.89,25903.89,0,0,13377.42,13377.42,0,0,0,0,392,490,392,490,,,114,114,0,0,0,1,,1789307147,0,0,0,0,158,157,158,157,
1789307099,GkiC6UuoBZSbmBw1edqDoMgJFzHiMA1wKQViYyND2jvN,CHORSE,EeyzZQqe5k1g27Wi2jifvq3Pt7T4chzufJK7nzRhKCmN,meteoradbc,1789287317,0.00002587,,25878.17,25878.17,0,0,13033.49,13033.49,0,0,0,0,419,516,419,516,,,113,113,0,0,0,1,,1789307147,0,0,0,0,167,148,167,148,
1789307099,FgHPgfDCQexN6iKGL7kCXn9AdRMKpe68L5mocMBUpump,ponsnas,HDqbyniT8d7ozCfATcCfSqP2kJoUFDz7QhwwmXPzszGa,pumpswap,1789287426,0.000002125,2344.21,2074,2074,0,5.73,830789.61,830789.61,0,0,0,2,3254,2883,3254,2883,,-0.68,-94.88,-94.88,0,0,0,1,,1789307147,0,0,0,2,1281,1190,1281,1190,100.0
1789307096,8JQXg7t2CQS7QyjqS27dE2HcRyRpn8tVZyxEC7htbXNQ,REBME,H6FsywZ5ZBDqFzVyAWqsWc6yGK5Gpf7jHnJUcu2Zga1f,meteora,1789122034,0.0002805,100690.66,280541,280541,4700.63,74337.94,119108.88,391982.05,17,11,226,182,425,363,1538,1392,7.69,21.89,97.85,327,0,0,0,1,DYN2,1789307147,15,9,133,84,234,171,660,582,100.0
1789307098,DN2H2DMpyLkYqh2ErbxDgsr8vCbexgYthq9d78D8LeRf,ZEAL,5XHLfv1xCUUJqAyFoX4HNCzQBD9jNWDQCgTin2b4mVtz,raydium,1789286493,0.00002515,12998.38,25159,25159,0,88.38,78308.21,78308.21,0,0,1,3,414,347,414,347,,-0.5,-40.93,-40.93,0,0,1,1,CPMM,1789307135,0,0,3,1,204,202,204,202,100.0
1789307096,7rDUGy3ukxK1FmRH2qDKQtjBR8CbPW58n37JKnPdNWXA,SC,2EgDzWMDeMeqC88mDQP8C4o8HW5LBgYG4bDyt7mgQLog,meteoradbc,1789289294,0.00004827,,48270.12,48270.12,0,0,6011.65,6011.65,0,0,0,0,145,222,145,222,,,27.44,27.44,0,0,0,1,,1789307135,0,0,0,0,120,125,120,125,
1789307094,2NVJUEHwMxfNtCRB1bkFiLW1yxTz7aV7Mnmmkk6GjA5U,METv2,Aajj8dWKHWM8QQFd7AF1XEa9CLni3mSKfsdtSSEfkYNd,meteoradbc,1789288953,0.00004765,,47659.52,47659.52,0,0,11611.26,11611.26,0,0,0,0,1911,2019,1911,2019,,,295,295,0,0,0,1,,1789307135,0,0,0,0,214,210,214,210,
1789307098,C2XLu6SGfA1Ukah4EJ5NHNswgsPb5Dsg1VbjixMccsJY,CHILLHOUSE,B8P5WZPk4WyBFXScSqRS1313yPfHJQ7iPboJFaEiuPTK,orca,1789289167,0.003150,141769.94,31504433,31504433,0,0,1.99,1.99,0,0,0,0,1,1,1,1,,,-0.02,-0.02,0,0,0,1,wp,1789307135,0,0,0,0,1,1,1,1,0.0
1789307098,CZtXsANroCxeVhX89aaCyphNyUTHYtJk6X2XSH8Vpump,Vmaxsolana,9tXsabgtJe6FZdmkC6WiygsS7yTYuAfo1uuwpqAaFKRA,pumpswap,1789289326,0.000001885,1927.87,1830,1830,0,0,132818.26,132818.26,0,0,0,0,698,581,698,581,,,-95.42,-95.42,0,0,0,1,,1789307135,0,0,0,0,162,160,162,160,100.0
1789307098,CsM91QTqbnkzNUok2dXEhiFBBNz8GQxUxuv9efXC2zYZ,GTA 6 Coin,3zDpKCXCd6C1JxXsD872jhPKg6dx2XAmuvW2hWPQQMVk,meteoradbc,1789289102,0.00003634,,36340.09,36340.09,0,0,13249.92,13249.92,0,0,0,0,279,378,279,378,,,244,244,0,0,0,1,,1789307135,0,0,0,0,166,185,166,185,
1789307099,GqejEMMqV4SP5MXswGDFGeUYhh5C7NuewDoNxb8WDFKp,GTA 6 Coin,8JEfUL2qW5q6xdV19iJLi1dAUETpeu9sBxdzZaDvHDz1,meteoradbc,1789289312,0.00003426,,34260.33,34260.33,0,0,9271.71,9271.71,0,0,0,0,204,282,204,282,,,224,224,0,0,0,1,,1789307135,0,0,0,0,137,161,137,161,
1789307094,2aoHFdy8zkEGtgAD4tYkRpbLy2yJvvd8LmLJW99FCCGX,MIZO,8sAKbVDhzvnLH2nxkTja7KQbV4PDDAn2f7LtHZryzaMV,meteoradbc,1789289337,0.00008498,,84981.39,84981.39,0,0,7894.38,7894.38,0,0,0,0,565,658,565,658,,,783,783,0,0,0,1,,1789307147,0,0,0,0,200,190,200,190,
1789307100,HADxNiZkmxDjreTyThuYPU5LjdtuY1GwQem8b9umxC8y,gigalon,GZv2BYEVuhyEcv8RR9LELHQp7YkG3o3YYhMscCkYtPy6,meteoradbc,1789289150,0.00004608,,46083.21,46083.21,0,0,12615.28,12615.28,0,0,0,0,453,568,453,568,,,24.94,24.94,0,0,0,1,,1789307147,0,0,0,0,187,192,187,192,
1789307100,rhobiM4oS4piCBNqAMH9BesnvQMKiRJ2xwjaNC5pump,GROK,8rNzjv34xQnaGNkrSnNJfDtmXxofD6uXaPs3RUe262HF,pumpswap,1789283451,0.000001964,1997.17,1965,1965,0,0.09,2150109.9,2518787.9,0,0,0,1,96272,62845,112713,72896,,-0.07,-100,-95.33,0,0,0,1,,1789307147,0,0,0,1,2910,2984,3140,3133,100.0
1789307095,5Zspimi8VD6LctJLtaSjLqaSUvmh3Rs849iPtGocpump,MIZO,G2pNaeFEUaq8ArWbCYe1wv8vRfd2ZL8LjPN8mcJqGeop,pumpswap,1789289607,0.0005774,69387.33,560416,560416,21504.79,452866.27,2565461.75,2565461.75,251,153,3482,3053,22068,17738,22068,17738,-7.83,44.36,1303,1303,0,1,1,1,,1789307135,206,152,1707,1647,7197,5878,7197,5878,100.0
1789307096,6XEJuV3StQ2yUnaZdC7WCP3vjrbAw6sNoL5bBX6y8iQP,Peccy,DGAPdaJDLwmgk9eeYzRhKk8B4MgwU43K6DQtZ6XADMp2,meteoradbc,1789292497,0.00003760,,37605.11,37605.11,0,0,3024.81,3024.81,0,0,0,0,89,97,89,97,,,200,200,0,0,0,1,,1789307135,0,0,0,0,73,83,73,83,
1789307100,HFHNVgDWd14uziy7rJf3TiS3ey7t3Wk6FZVDgHpR2vBy,Peccy,DXfHAjfif1hnnzGuogN12mHwoo2zHJWygyrVxXdTWSaK,meteoradbc,1789292397,0.00004067,,40676.86,40676.86,0,0,22301.85,22301.85,0,0,0,0,663,819,663,819,,,238,238,0,0,0,1,,1789307135,0,0,0,0,167,162,167,162,
1789307100,J7j9y4dZeLvXgjKR2VEDmB5ZFd9L7YPZSwcGjGcU4oz5,CTO,DTttifYStoenSMFowMMdCQZgw2RVTbt5KVDVPabawQzb,meteoradbc,1789292238,0.0001056,,105681.95,105681.95,0,0,22150.07,22150.07,0,0,0,0,752,860,752,860,,,1083,1083,0,0,0,1,,1789307135,0,0,0,0,202,194,202,194,
1789307094,25WzZu9riWVz3176VbnhdEMZkuQWgyQgcHG3sBjY4UMu,VIF,8NJ3u8B5QVJcu39HtZzS7VJzJ8bu8FgKstRtm1mt9BUx,meteoradbc,1789292265,0.00002971,,29719.08,29719.08,0,0,5704.99,5704.99,0,0,0,0,858,839,858,839,,,147,147,0,0,0,1,,1789307135,0,0,0,0,211,208,211,208,
1789307096,75iVdVNu3y2LaJRJL9HRX47p25wRwHDPGTbbbVGZdmeg,Flat,6PYtw5Y24MiqFW61B46Gfgfxp5tF2689TdK4EDBNoJsn,meteoradbc,1789292511,0.00003234,,32340.92,32340.92,0,0,9943.87,9943.87,0,0,0,0,857,976,857,976,,,169,169,0,0,0,1,,1789307135,0,0,0,0,213,207,213,207,
1789307098,BzBu3fWp6HkFeX5N7PnSnBdJkbPcjdQPRxQFMUG15a4X,HOUSEFLY,8rGiSimd92Rnn2NE69G9wGzCoCrnFT5dwNrtZ3VCoSqC,meteoradbc,1789292452,0.00004828,,48284.01,48284.01,0,0,1096.1,1096.1,0,0,0,0,3,0,3,0,,,27.67,27.67,0,0,0,1,,1789307135,0,0,0,0,3,0,3,0,
1789307099,F883u3VPUJCJPTvK7F3dwPeNTPYX81TH9sVtQhgEayhw,MIZO,3VWToj7hxrarotiXPU8FsRk2td6uny7p4EdJp925BwBF,meteoradbc,1789292330,0.00003836,,38369.21,38369.21,0,0,6845.45,6845.45,0,0,0,0,233,257,233,257,,,206,206,0,0,0,1,,1789307135,0,0,0,0,148,133,148,133,
1789307094,2bbBDx5rQNTYqQCME6W2rudrKeaJCb9XUnzV8qUmpump,CGI,37XUBF7gi1R6DXvmb3L4SAgrMwpcL2oTpYUgh3k5YdMv,pumpswap,1789292881,0.000002387,2353.1,2274,2274,0.96,15.93,100791.89,100791.89,1,0,2,5,2009,1929,2009,1929,1.37,1.95,-94.18,-94.18,0,0,1,1,,1789307135,1,0,2,5,958,1153,958,1153,100.0
1789307097,B78YxmVx2aYS7MYNrSzCxThmyE69VBVodtDNfohHBuaX,McDonalds,FwP6YVuT4b9C8QAqH1aeqCodekyK8Ygmdf5mimV5HNSX,meteoradbc,1789292397,0.00004878,,48783.74,48783.74,0,0,3856.67,3856.67,0,0,0,0,174,147,174,147,,,32.83,32.83,0,0,0,1,,1789307135,0,0,0,0,123,103,123,103,
1789307099,GYnHPNKYmeX229m587NYnw2h2QocuF3k5nNn6kgcuNdm,RAT,5yvhchV8D56tgVZ7Yu8SVbwvLt1zjz14gy5TqrJfBdjY,meteoradbc,1789292388,0.00004872,,48729.23,48729.23,0,0,12536.53,12536.53,0,0,0,0,343,455,343,455,,,305,305,0,0,0,1,,1789307135,0,0,0,0,170,181,170,181,
1789307098,DGqv6cTQ2TvjyQiB5iof2CY28tMj1uu9V7uvm5trpump,LONGGPTCAT,zdWWAtVPMTYWB18whdxkcrhFf3M7uivCmnkzvTsjaRT,pumpswap,1789291676,0.000002150,2383.92,2101,2101,0,1.01,814650.81,814650.81,0,0,0,2,3500,3041,3500,3041,,-0.1,-94.78,-94.78,0,0,0,1,,1789307135,0,0,0,2,1382,1294,1382,1294,100.0
1789307095,43VfGSS9wPpG9a1E1YrYWAYTxMSrL26oX9XC3DSqpump,OpenClaw,B83tPqyK4abHis4gL4XeEuSd1DDuujbgxwy5sE2NXAHT,pumpswap,1789287765,0.000001832,1854.97,1833,1833,0,0,972818.83,972818.83,0,0,0,0,34932,17605,34932,17605,,,-95.61,-95.61,0,0,0,1,,1789307135,0,0,0,0,3577,3527,3577,3527,100.0
1789307099,GNDLWARFKHNsxBbcuHPV8H8EU2FVeuXJQSd1nV5Apump,batonpepe,84i8ynxGe5AKgBrhpsnw3UZb4VaabJC2A9B15XhFDg6G,pumpfun,1789294080,0.00004101,,41018.17,41018.17,0,0,8486.08,8486.08,0,0,0,0,6,0,6,0,,,1360,1360,0,1,1,1,,1789307122,0,0,0,0,6,0,6,0,
1789307097,AaRZF1wseu2JH21zZM5KjqSxhVVPGy7a3yaHZ36F755M,CAT,559M1oFBQV4UBuGBD1fDTotBzZfwG2rKAeq4AtRicXUz,meteoradbc,1789090534,0.00002856,,28569.88,28569.88,0,0,0,18849.94,0,0,0,0,0,0,147,52,,,,730,0,0,0,1,,1789307135,0,0,0,0,0,0,102,41,100.0
1789307097,BbWyczXco4yEP8oz2Z8m7Ttc38yitU5XG6izuneFpump,Flybook,6b1PmPvcA6AQTZpvJpycdMV8QL85hXEiQkPtN4gQFner,pumpswap,1789293956,0.000003538,3311.33,3423,3423,5.83,584.67,289187.46,289187.46,0,3,15,43,4602,4465,4602,4465,-0.36,-28.95,-91.39,-91.39,0,1,1,1,,1789307135,0,4,13,41,1763,1793,1763,1793,100.0
1789307100,Hp25GPMpRaQCLZ1anqns4SznnMQC1aMUcbcGozWpump,GOAF,G1D5DMFRh6ubrhqkXu93tcTpg7Xm2JsmwePWAbJjxsnQ,pumpswap,1789294877,0.01518,325308.93,15182758,15182758,761.23,9050.62,279363.75,279363.75,18,11,216,143,2183,569,2183,569,0.35,2.58,36500,36500,0,0,0,1,,1789307135,11,10,11,10,1398,47,1398,47,100.0
1789307097,952keJzhcE1XE1UMNVxebho62zwkWDZ2L6p5CBue6aZJ,Rack,J4MsXZVPSmkBEwCHPNwT41463ZfYLMWUmYwZ39iBPjvx,meteoradbc,1789294879,0.00002278,,22780.73,22780.73,0,0,11844.48,11844.48,0,0,0,0,309,426,309,426,,,89.51,89.51,0,0,0,1,,1789307135,0,0,0,0,140,156,140,156,
1789307098,CjyK6ZoFt1j5hpy4WqNBjLeFZfSUgmhL6mmNx8jTAL5e,McDonalds,BBSBS3wyUyumYCfuxTcPAhX9TBtE9LWNnDHgkBgVXLhf,meteoradbc,1789294682,0.00004918,,49180.46,49180.46,0,0,6710.55,6710.55,0,0,0,0,328,318,328,318,,,33.76,33.76,0,0,0,1,,1789307135,0,0,0,0,180,160,180,160,
1789307099,GaUdeyjJtcZDgMkH7VeDCvAWcUGz7aCnsAecNh2QEZdR,Nut,38oan1RPtEdBkwQkd8HeV57E2Ah3GsZdSqCqBYvy41Sk,meteoradbc,1789294663,0.00004831,,48311.15,48311.15,0,0,1096.64,1096.64,0,0,0,0,3,0,3,0,,,27.67,27.67,0,0,0,1,,1789307135,0,0,0,0,3,0,3,0,
1789307100,aEXwZerTRjt5tiALHXa6H1QBZxsTqnTC1g6mGtCpump,NTDA,88XFZ4Kp9HZWPtsogZ3QnYAMkpJrgKG5bXMkm3aGHp5Z,pumpswap,1789294723,0.01404,312815.38,14045964,14045964,649.19,8677.72,272410.97,272410.97,16,10,208,142,2189,563,2189,563,0.24,2.69,33760,33760,0,0,0,1,,1789307135,10,9,10,12,1408,39,1408,39,100.0
1789307097,B6rweNLK1JBEN97K7YjsJtuUaDAHFGMRvSbUaTZMiSh1,Rack,6opEDTsH4yHvBeL77Z1psajgFayAEpc19JnwrZCS51aE,meteoradbc,1789294911,0.00004827,,48276.51,48276.51,0,0,1095.6,1095.6,0,0,0,0,3,0,3,0,,,27.71,27.71,0,0,0,1,,1789307135,0,0,0,0,3,0,3,0,
1789307095,5bFQXq5m6FMmNGqrjXeBphJotVg3uRzMZRzf9G5LkYow,McDonalds,Do6knveeC3JFtLD6vWvxJKZcXmyU16chHUzqeXHNX1XH,meteoradbc,1789294798,0.00004948,,49487.43,49487.43,0,0,6262.76,6262.76,0,0,0,0,328,334,328,334,,,34.68,34.68,0,0,0,1,,1789307135,0,0,0,0,181,159,181,159,
1789307099,FFXjytqZQVCBh4hzLnRRMfQDSdqAa9CrTLXZHohipump,BATONGPT,3v9va3VT6uMqQVFoJbkqsy5rcRj89sEXpdVqcyqwHcRF,pumpswap,1789293829,0.000002396,2538.19,2183,2183,0,0,642002.52,642002.52,0,0,0,0,2331,2160,2331,2160,,,-94.19,-94.19,0,0,0,1,,1789307135,0,0,0,0,1215,1133,1215,1133,100.0
1789307097,B5b3ogQ3Xka35kabjPGXoTLCDfS3FrSahS56RRmWo5Cx,e/dcc,FnVWbyD3RNobkdqHyGufFtvnVhFtQMW1KVR7Rgo61Bt3,pumpswap,1789295874,0.000003639,3339.37,3531,3531,66.57,210.39,125756.44,125756.44,1,2,5,17,1888,1655,1888,1655,-0.11,-10.93,-91.13,-91.13,0,1,1,1,,1789307122,1,2,4,15,885,925,885,925,100.0
1789307098,DtG3hA6NksRpfJmPfu5GHG5ThgSxvyFFAf34bEsbb3Mz,AAPL,Fex79YrSGAAaqxQupt9mUCV1YyTPGCmDsjGEDUZgLwfz,meteoradbc,1789296130,0.00004829,,48296.91,48296.91,0,0,2312.82,2312.82,0,0,0,0,100,69,100,69,,,31.65,31.65,0,0,0,1,,1789307122,0,0,0,0,85,59,85,59,
1789307095,5P5muiSGbBZ7XHGVVKsUytWJDxDMmzDbcbymXwFoTnqL,MPOINTP,6qMLaN6X1NP6BfWQoaaUnV32SqcRVuyRbStXgZGg1ybS,meteora,1789295256,0.00003033,25654.43,30335,30335,0,0,7964.48,7964.48,0,0,0,0,101,19,101,19,,,424,424,0,0,0,1,DYN2,1789307122,0,0,0,0,101,19,101,19,0.0
1789307100,Ha9g3Z1aSMPir5SZjqmBPvKTBuJtmKKMWMPRQqfgMSJb,Holdoor,3LyjSf5A4vJJi5JpJ7hvqkzBAJL9GKAcyogYsWh2VZvQ,meteoradbc,1789296134,0.00004946,,49466.34,49466.34,0,0,6223.4,6223.4,0,0,0,0,169,236,169,236,,,31.04,31.04,0,0,0,1,,1789307122,0,0,0,0,141,144,141,144,
1789307095,5fyRavVxz93EDxebiT5NaRGEbbFBuZY97ob3RubexAYC,e/dec,7jyp3Y8CceMfapKUgmo7yUXtDVioDQnPEfYbxvyfCGBc,meteoradbc,1789296085,0.00008114,,81146.76,81146.76,0,0,6586.79,6586.79,0,0,0,0,587,641,587,641,,,745,745,0,0,0,1,,1789307122,0,0,0,0,205,189,205,189,
1789307097,93RAkWnRu3YQY8QpU9N8ptPdXhfYxh9pQH2dieoCa86f,MIC,BiMD1rcVjgwXQvCetDDcEVyBKdgpxQ1odt5hkoXuYZAP,meteoradbc,1789295984,0.00004849,,48497.24,48497.24,0,0,6023.84,6023.84,0,0,0,0,206,235,206,235,,,304,304,0,0,0,1,,1789307122,0,0,0,0,141,139,141,139,
1789307100,fwi2RYF8SuuYtXvC7aUtwKNKnkRf45gHspEKgEzYC8T,BTCBIRD,3ivs42HFMDcApQJYjxidy7EkTMLXQcZ5zsLgncdAwmjZ,meteoradbc,1789296129,0.00004869,,48699.33,48699.33,0,0,8834.57,8834.57,0,0,0,0,238,314,238,314,,,306,306,0,0,0,1,,1789307122,0,0,0,0,144,164,144,164,
1789307095,3W8dy3gnpnZVFVkSGhzynQcBpCvj8UBkaEoLyA9DN394,FLYPAD,8rcGkEtumxJgBss9z49AkPQqcKAXGjMxUKmqBeLS5qcQ,meteoradbc,1789295973,0.00002844,,28446.99,28446.99,0,0,7595.64,7595.64,0,0,0,0,198,275,198,275,,,137,137,0,0,0,1,,1789307122,0,0,0,0,128,152,128,152,
1789307095,5WM8iNEFeiJY6Da71VgrZCKLQQkKacpgMWV7Drghpump,Moof,51bUDZRjFMTz2WE1C9xHyKsXCQoQmeCNxVGcgCmrZFsR,pumpswap,1789053416,0.004821,182666.33,4818402,4818402,89.9,1446.76,47012.42,96656.18,17,10,232,121,4676,2371,11023,5711,0.19,3.1,-18.53,-5.37,0,0,0,1,,1789307122,18,10,174,117,1035,978,1119,1115,100.0
1789307100,HZjkZaxjNdWZeEjd99E1pD9koWykMbzaMwADjrbGpump,batonhouse,BK9QGo6gu4YqYLG8MikMuRjsudg6mVh5U124pnmQB38X,pumpswap,1789297279,0.000002612,2632.46,2579,2579,0,0,386704.71,386704.71,0,0,0,0,6598,6188,6598,6188,,,-96.85,-96.85,30,1,1,1,,1789307122,0,0,0,0,5559,5532,5559,5532,100.0
1789307100,HbsNbyKWaYAEVBYpEtq1hxHQfwDDe5q24xWuAZfKNED4,AI,8XUmdzfswbWgc1psNiajMTGrmTrQ1WyNYmNxsZciGT4a,pumpfun,1789296304,0.00002289,,22892.9,22892.9,82.1,4460.1,38630.4,38630.4,2,2,59,42,385,296,385,296,-0.86,3.42,676,676,100,0,2,1,,1789307122,2,2,51,26,315,106,315,106,100.0
1789307100,HgFC59Ac5TE52BCxD8U59FZSiHeUfxmeLtyj56J5pump,Holdoor,58UCPGvRJNa75zz3t6F78MGxFBthSNx2UoCLpzHp67yq,pumpswap,1789297598,0.000003643,3526.95,3458,3458,30.46,792.99,108577.73,108577.73,1,1,9,25,1673,1309,1673,1309,1.26,-29.28,-92.55,-92.55,0,0,1,1,,1789307122,,,,,,,,,100.0
1789307098,DpJ7wnXHMAQ1nK7CpXnwgt15F5GXCLqDZbrBQCt1pump,Cupsey,9Kk1nrsZJBxeyFKFDH9uCXrH1idiVPz5HDRVYGXGW6X4,pumpswap,1789296977,0.00003229,14794.45,30628,30628,601.72,11270.26,132482.3,132482.3,0,7,143,94,2049,1317,2049,1317,-12.28,0.04,-36.17,-36.17,0,0,1,1,,1789307122,,,,,,,,,100.0
1789307100,HRe2LkLMiQnrpeooNTmvkHp2bzX7JdBPpek7Eu3oWSuK,GUARD,b1iTNNW8NrcrSCHwQFcAzxU5vm7FL1wnCzDMHbW9UXH,raydium,1789257801,0.0001358,31551.26,135826,135826,29.74,1012.58,7944.71,153983.05,3,0,38,3,228,25,1221,803,0.18,-5.55,53.28,199,0,0,0,1,CPMM,1789307122,0,1,3,8,17,40,311,350,99.9999999969649
1789307095,5QyiC2R6K1QdLvBN8PvBkGJF6RAfq32awURQinpQ9KDs,AWDAWD,AgostNuD1cAhrubRifPxPbzwbtt7zXM2qPkWHMZQMbKp,meteoradbc,1789298101,0.00004396,,43962.93,43962.93,0,0,1097.3,1097.3,0,0,0,0,8,2,8,2,,,266,266,0,0,0,1,,1789307122,0,0,0,0,4,2,4,2,
1789307094,2n38JNSKktKURBLokw74WiggGREVUMMp52SsnXUZdxiX,CATI,3JL2HT4tj7AjsyrN15ALeowecPn5ZwtQJ3NfpJehMN4x,meteoradbc,1789298235,0.00009698,,96981.43,96981.43,0,0,13252.04,13252.04,0,0,0,0,1048,1204,1048,1204,,,856,856,0,0,0,1,,1789307122,0,0,0,0,214,209,214,209,
1789307097,BX3sTqXAUF15zsvVcspVHoFmYcdNsox3Pr2NH47ftHSn,RIPTRUMP,8GtCoWhu7DLNv77ZjjLQeCmoPbgndMwQeWkTprC4yemJ,meteoradbc,1789298160,0.00004842,,48428.84,48428.84,0,0,1608.89,1608.89,0,0,0,0,55,56,55,56,,,31.97,31.97,0,0,0,1,,1789307122,0,0,0,0,45,45,45,45,
1789307099,EjmHdPszaXTFXvyHfLqv9Dmy8Ppfg6NA8UMrtokhmmqz,CURVE,35soHN7HqZc1fWMuZWmWrXZ9muJ1M6o8HJHZ3w1uLZu5,fluxbeam,1789298128,0.001250,1237710.13,1250413,1250413,0,0,8844.06,8844.06,0,0,0,0,300,0,300,0,,,904,904,0,0,0,1,,1789307122,0,0,0,0,20,0,20,0,0.0
1789307101,wEMcFmLyfsQUAUWU6qvrPjkB2qZDPXUZwzjxzdBpump,BEAST,ApEpBv1sRepDdwvHEcYSbSeThVVmU5uTQq7pyzeVwMc5,pumpswap,1789293607,0.000002176,2176.31,2177,2177,0,4.77,928642.29,928642.29,0,0,1,1,33751,22680,33751,22680,,13.39,-94.76,-94.76,0,0,0,1,,1789307122,0,0,1,1,2117,2259,2117,2259,100.0
1789307100,JQYY9CoEBBcPvP6WK7KBFga9pU5B27iFpgV2TTFpump,Claude,6rezLRMFBas8YEiwVpYKkyU3aV5DiAaztz5qSmGmadwQ,pumpswap,1789297374,0.000002250,2247.39,2250,2250,0,587863.64,1384085.48,1384085.48,0,0,7572,7773,58089,39117,58089,39117,,-100,-94.57,-94.57,0,0,0,1,,1789307122,0,0,1240,2059,2766,2877,2766,2877,100.0
1789307098,Dk8MiHuZtZ1zspsCm9PjnNMjtFDL5DY9jAaTkWPspump,Pear,GSV4eXVQn86fJXN31zXqwewj1o4q6GU4wu832WT2iJ3i,pumpswap,1789299408,0.00001621,8974.65,15294,15294,1204.46,21966.29,208318.04,208318.04,18,19,388,331,3695,2883,3695,2883,-28.34,-4.09,-60.48,-60.48,0,1,1,1,,1789307122,15,21,201,211,1568,1479,1568,1479,100.0
1789307097,AeWo9T3Q4NGRpesKjEX67giCqNJZSgARm1orA3NtVEun,Salmonad,H3egwBPjH1skV7Eu9LTsBx9T6k3PoAJYteaiYKDGpFQS,meteoradbc,1789299595,0.00004304,,43046.27,43046.27,0,0,1095.76,1095.76,0,0,0,0,3,0,3,0,,,258,258,0,0,0,1,,1789307122,0,0,0,0,2,0,2,0,
1789307095,5UmSVjR3iDa6WNJszWbpZc3KXYuiywo4v8dWCm7CMScU,Pear,DeZ7nrwfgk7heGTY5TmbCpQNGBAgsKSt3JTohznQcSfV,meteoradbc,1789299560,0.00004828,,48283.85,48283.85,0,0,1095.8,1095.8,0,0,0,0,3,0,3,0,,,27.7,27.7,0,0,0,1,,1789307122,0,0,0,0,3,0,3,0,
1789307095,52obJ3QAJnUGm7PfdsJ8QpKrMN2yoJeCcdTnL1N3BamP,MELODY,7QLtt7vRpoF7YfqDSKEKvsi8w75d5n7m82iZBZfurHSC,fluxbeam,1789299648,0.001250,1237877.37,1250591,1250591,0,0,8854.71,8854.71,0,0,0,0,301,0,301,0,,,902,902,0,0,0,1,,1789307122,0,0,0,0,21,0,21,0,0.0
1789307096,7GiD416jQqAKRFV5Y4V2iDg5RG6xej7MVLFVdTkeJtLp,Salmonad,71mMqWyP6rxi2h75pJGr6NfsGq67jKTMk9ygtQDygpmj,meteoradbc,1789299626,0.00002973,,29732.7,29732.7,0,0,4634.15,4634.15,0,0,0,0,113,136,113,136,,,147,147,0,0,0,1,,1789307122,0,0,0,0,78,97,78,97,
1789307094,2qub6qTDxGk7TtDWg2hMYRQbVGPq1zx5NMCwqV7GHe2T,BEAST,9PBjYHwV7grEeWjAkQ6BPXj28R9AsFjiF9vENkqzDNsE,pumpswap,1789299307,0.000001751,1766.98,1751,1751,0,0,137641.74,137641.74,0,0,0,0,6295,8602,6295,8602,,,-95.77,-95.77,0,0,0,1,,1789307122,0,0,0,0,861,3025,861,3025,100.0
1789307096,6c8M8cLAMuAUgnbxVSD4NZMD8nou6xg8kUER2sPhd5Yv,VANGUARD,C4Vbsh5i6LpHszd8DGfoCzyjrfydEdRJGpZNcMV2PGbY,raydium,1789301398,0.00002104,12133.75,21047,21047,14.12,5212.46,23828.76,23828.76,0,8,59,115,220,252,220,252,-1.42,-36.66,-48.9,-48.9,10,1,1,1,CPMM,1789307110,0,2,39,49,136,126,136,126,99.9999999790133
1789307097,ANtKCWJYrMgqQaVAtWxrnBoRSD9YusUfefbSfyoW233G,yee,B75eu54QaJpcdnLR1quXccxCdhdNWBf1Kbw3PX2Kz3aQ,meteoradbc,1789302117,0.00004807,,48077.04,48077.04,0,0,14750.68,14750.68,0,0,0,0,559,620,559,620,,,269,269,0,0,0,1,,1789307110,0,0,0,0,138,124,138,124,
1789307097,9PAfy2opoLqq9bapaknzMz1ZPNhafS32FYjMiCWWPXSR,TAXCAT,94XpL1zT92tf83j8rwjotwXAyRuUQGNgi9sJcCTfxAoe,meteoradbc,1789302019,0.00004826,,48262.49,48262.49,0,0,1095.56,1095.56,0,0,0,0,2,0,2,0,,,27.67,27.67,0,0,0,1,,1789307110,0,0,0,0,2,0,2,0,
1789307094,2gPhr8jC5hhCXhKtgV21B3m75abBWQGnEPiM1JBhpump,BBC,FLaYoYWvXsyV2vQ8RNFcHaroh5BrrhSDtf4BrBhUqGfp,pumpswap,1789302060,0.000001782,1792.5,1780,1780,0,9.26,102840.09,102840.09,0,0,2,1,2099,4029,2099,4029,,-0.31,-95.7,-95.7,0,0,0,1,,1789307110,0,0,2,1,336,2314,336,2314,100.0
1789307097,AQnqwMtoem3wTCUKdw7mRWjhipAkD5qtcA9vfYuanLvY,LSBK,2pmPUAT9icLJLppRBCEmxsgCJoRV6T4ahqjTTpniXD2p,meteoradbc,1789301826,0.00004867,,48675.13,48675.13,0,0,9744.68,9744.68,0,0,0,0,476,471,476,471,,,32.51,32.51,0,0,0,1,,1789307110,0,0,0,0,194,187,194,187,
1789307098,DMMX9v7SWfDN34rVWaYVV2DGNgzCgHLka2XjmtBCy5wk,VANGUARD,5x6rtr7bwTGSRo7Xy2NQSUE7abGy8qxSGU9NFeqZdSj7,fluxbeam,1789302000,0.001249,1236308.13,1249004,1249004,0,3017.48,8844.22,8844.22,0,0,105,0,300,0,300,0,,44.92,901,901,0,0,0,1,,1789307110,0,0,20,0,20,0,20,0,0.0
1789307095,4sESjFv3VtJjt9j6nPpk63RUpAYeRx7XqsHaMyMqLyqE,yee,9DvDQmGw3EiTfqfpv6LCUjSww9cChbX2hZyQwkbsjQAd,meteoradbc,1789301819,0.00004919,,49196.06,49196.06,0,0,12099.42,12099.42,0,0,0,0,419,510,419,510,,,278,278,0,0,0,1,,1789307122,0,0,0,0,134,120,134,120,
1789307095,5bHq2we35u8zezq8iB3cPxSUew6GSHMqCvxCsvM8TE3q,ZABUBU,y4HpeKvVFArzhszvSipbiA87cR9GQiW4fira1NxvFzd,raydium,1789301136,0.00008228,24328.07,82287,82287,9453.77,56605.54,155672.37,155672.37,116,72,703,534,2185,1587,2185,1587,28.14,191,99.69,99.69,30,1,2,1,CPMM,1789307122,83,64,358,303,936,790,936,790,99.9999999748811
1789307100,Gzw6XQ4UMajrqfubwvynVBfcdHJaqFvFm4yuTgjQpump,JOTCHUAGPT,4ndMP9MpUpUAWAL9CQqbUVqBVKjgpYdmysgE85Jhc2hE,pumpfun,1789301707,0.00004098,,40989.41,40989.41,0,0,8480.13,8480.13,0,0,0,0,6,0,6,0,,,1360,1360,0,0,0,1,,1789307122,0,0,0,0,5,0,5,0,
1789307099,GigA5pdDKQSkCVPSbCQVcrdisZW1ZZ9eWK7rahDrKj4j,GIGABRAIN,G5fFgx7KNRfRDt9KA7CCb9bW2qEPJGGKodoTEjj562ui,pumpswap,1789302849,0.000002320,2518.92,2264,2264,0,271605.6,779603.35,779603.35,0,0,955,1159,3196,2887,3196,2887,,-98.38,-94.36,-94.36,0,1,1,1,,1789307110,0,0,598,850,1331,1248,1331,1248,100.0
1789307095,4MjrGwD4SpjVN6JPZJfmHCUmnJynoTz56tbzCX71SxE9,FINE,7XP9mvZbdPkg62EkUPLE3aEBrqCTMU6Ee1z3gEtkMDzp,meteora,1789137705,0.0001723,47085.81,172303,172303,499.61,25620.07,85443.35,203712.62,2,1,97,57,368,262,1190,886,-2.09,25.3,93.93,3902,30,1,2,1,DYN2,1789307110,2,1,59,41,198,173,525,407,100.0
1789307099,G3qevzrgpUUVzbJBp7NKGpsxnZxNbfAhLqoZEZTWasjd,SWARM,GbYy6cGjp1mmgK8e6Gyv2giaEnXNykK7AfLGoFWzntJD,meteoradbc,1789303449,0.00004973,,49734.73,49734.73,0,6364.74,7259.66,7259.66,0,0,339,338,359,347,359,347,,10.49,35.6,35.6,0,0,0,1,,1789307110,0,0,155,140,177,156,177,156,
1789307094,2orE7iYKajwAeL7woZy58WBkJ4JxfLyLbfSJVquMrv3H,MEME,FBnrcifjbsZ7eWGwCzuW6mi6uaNEWaWmUmu9mJKHZpqn,meteoradbc,1789303442,0.00004855,,48552.33,48552.33,0,2413.23,5131.79,5131.79,0,0,89,100,163,191,163,191,,19.37,322,322,0,0,0,1,,1789307110,0,0,33,30,110,111,110,111,
1789307098,Bxp4EKrFWK8ER3tpSnyfK7yEvyXg3KcmoFQRfZjjTQ4r,RAWR,EXaXnHuNXCX5GPt2dVnf7v98nWbEYX7mQnctZbxn319n,fluxbeam,1789303498,0.001249,1236308.53,1249004,1249004,0,8817.4,8844.79,8844.79,0,0,299,0,300,0,300,0,,903,903,903,0,0,0,1,,1789307110,0,0,20,0,20,0,20,0,0.0
1789307098,CgFSe22eqaFAiQB5Q8uwbD8cRJECwo2KJhbLcpLqd4au,奶蛙,EN7N6ZkNt3ULUPh2MPvucftimVaAktidfgBB71Tn917X,meteoradbc,1789303305,0.00004710,,47102.56,47102.56,0,269.35,1097.08,1097.08,0,0,11,11,178,169,178,169,,5.73,28.47,28.47,0,0,0,1,,1789307110,0,0,0,0,118,90,118,90,
1789307096,857NMgRT25x3KmuLs48wbci99uwzzem31U2toGAUvXfq,rawr,CqKeivJVoHxUe9VfxrDdu6wxEPUv1QHhJFuz86fbDNRC,meteora,1789303517,0.00001514,3.74,15147,15147,0,174778.93,174778.93,174778.93,0,0,1126,808,1126,808,1126,808,,72.8,72.8,72.8,0,0,0,1,DYN2,1789307110,0,0,720,119,720,119,720,119,
1789307100,TG1Pv9fiVdSpc7qtrgZD6rcK9XgKkrmEd6pD2aYpump,McDonald's,BGtYmySynFWPoLDrsZuLKCSBd6coi2MS9zFeCz1WJV5m,pumpswap,1789301331,0.000001750,1764.9,1748,1748,0,76815.92,167927.61,167927.61,0,0,1618,3866,12632,14444,12632,14444,,-99.94,-95.78,-95.78,0,0,0,1,,1789307110,0,0,696,2982,872,3063,872,3063,100.0
1789307097,Ai8uA5mWG43jKVoxHrRfzGwifSCQsybSj243PYZupump,TripleB,7XDq6n7MByhWP8Gp3tS9ESqpFMPKa1jZBtJa8jfSSC7k,pumpswap,1789302522,0.000002093,2182.89,2074,2074,30147.84,380160.51,492837.78,492837.78,408,3021,5993,3960,7105,4129,7105,4129,-98.93,-98.76,-96.32,-96.32,100,1,1,1,,1789307110,264,2992,3650,3345,4279,3362,4279,3362,100.0
1789307096,69g7ckSic9iZxXZ7q8jCPfUjWsUV6PC9DNGY5wKbpump,NASDAWG,8TVCge3ZTozXTH7JMgvr1x8fipcwgtT8a49TnC4NmCWy,pumpswap,1789304333,0.000002255,2272.6,2256,2256,3.29,148703.03,148703.03,148703.03,0,2,7594,2652,7594,2652,7594,2652,-0.22,-95.49,-95.49,-95.49,0,1,1,1,,1789307110,0,2,5124,871,5124,871,5124,871,100.0
1789307098,DWnQVmj3FKYsLfZXo8ddbmnfguvJS3nh9NkfSXC2t7w6,Holdoor,DRGdHNdMnpdJmxG8RkQY4fsb6LqntWJT7roqfkrsaj1w,meteoradbc,1789305323,0.00004866,,48665.01,48665.01,0,13931.83,13931.83,13931.83,0,0,400,480,400,480,400,480,,305,305,305,0,0,0,1,,1789307110,0,0,170,178,170,178,170,178,
1789307100,HuuJqAgxoJA2GzrwtpZGHmaug5wW5WfBzEcEc7gs2Cdg,NASDAWG,CMxWe8Z5AGmwq8npnzCmKwFyXMCTufhcY1uVTCULBrg3,meteoradbc,1789305191,0.00004976,,49761.62,49761.62,0,10140.26,10140.26,10140.26,0,0,504,500,504,500,504,500,,35.44,35.44,35.44,0,0,0,1,,1789307110,0,0,198,183,198,183,198,183,
1789307094,2SoCNDbA4MdxwFKYQMyVWggrRVfra8knvdP1MYwWE7Zb,ROSTER,Fu8pSESa6YeUbYpKgbh4YaSuwBVdwQszrCk8UBoPygMR,pumpswap,1789305383,0.00001049,0,10497,10497,0,190645.22,190645.22,190645.22,0,0,1218,788,1218,788,1218,788,,23.45,23.45,23.45,0,0,0,1,,1789307110,0,0,723,68,723,68,723,68,
1789307100,HcmeMHBgtbDebd5uHKzgkihG1avXMVnHhfVVeJdAJ7uN,ZB,Dwre4EYYC2mpyyt7bKvC7dkpw2EVc4Fdd8Bnk8swZR5D,meteoradbc,1789305363,0.0001043,,104381.4,104381.4,0,3503.74,3503.74,3503.74,0,0,127,136,127,136,127,136,,889,889,889,0,0,0,1,,1789307110,0,0,105,97,105,97,105,97,
1789307099,GEwhmxaH6bZkFXF8PYKgSUTLFPHX1zrtRh6qDtGGi69L,B,5Qevu3Bk7ECU2QWCfquea6XTHw6XGwni9g9JppToeRoN,meteoradbc,1789305417,0.00004615,,46151.04,46151.04,0,5276.91,5276.91,5276.91,0,0,212,251,212,251,212,251,,284,284,284,0,0,0,1,,1789307110,0,0,128,120,128,120,128,120,
1789307096,8UL5SwcTXGh2rUWCCKvLUdPLaZUrrQz22hT9V3y28TUk,从众,5MSwSffQUGAZnshq78JBDoNRuJXNtnEMmo8uBQZQa5RH,meteora,1789305403,0.00001573,3.26,15731,15731,0,122994.16,122994.16,122994.16,0,0,948,740,948,740,948,740,,85.39,85.39,85.39,0,0,0,1,DYN2,1789307110,0,0,562,106,562,106,562,106,0.0
1789307099,EFgDxpxXjXyjX9jxqnFgoSzR79SnmhSzNo2ePEVRpump,GTA 6 Coin,2acbUirAcrgriQjeTLeG3AsHjeASH1PSmS2w5haXAD8b,pumpswap,1789296868,0.1010,841605.92,101009927,101009927,12024.39,168369.05,613828.63,613828.63,687,300,9123,4025,16593,7402,16593,7402,2.13,35.25,243860,243860,0,0,0,1,,1789307110,408,206,2310,1345,2779,2127,2779,2127,100.0
1789307100,RceN4Aw3CmUHnMYKA8pF6t9Yq4mEQazNR5PfTJdpump,Claude,AqU9F48ncrwcLvRP3ZgUhaDEriEAYJap325kbWMmTNCB,pumpswap,1789304575,0.05749,634117.72,57491613,57491613,7757.66,394126.79,394126.79,394126.79,2221,1407,19828,12061,19828,12061,19828,12061,0.4,138708,138708,138708,0,0,0,1,,1789307110,826,519,1580,1356,1580,1356,1580,1356,100.0
1789307096,7Dp4CVyY7Qj4ktj827ZJes75dKVgXEtCBQ7D16TXeUpm,Cap,W6KebB2WiCmQHcjzExjgWiigCVLNVae87CLe7Ya4sYs,meteoradbc,1789306868,0.00009666,,96668.76,96668.76,5190.05,5190.05,5190.05,5190.05,209,217,209,217,209,217,209,217,817,817,817,817,0,0,0,1,,1789307110,123,117,123,117,123,117,123,117,
1789307099,Fup1NGJ3CCE8g8Rdd979pnMh546cWFZw8AMhGKGfhE9m,KURP,FWczzEpYUacCaaR4QhkAY2AFXqrbfocYv1RZfh7AydG3,meteoradbc,1789306968,0.00004871,,48714.68,48714.68,6530.25,6530.25,6530.25,6530.25,301,320,301,320,301,320,301,320,32.6,32.6,32.6,32.6,0,0,0,1,,1789307110,170,158,170,158,170,158,170,158,
1789307097,AdK4pBmtBd99dusgRKJSPjRnpdyYPiB9J4tJGDdLVfS5,Cap,2KnxHNsCrKrLjqg6FGD73iCQctr55kU8tZbVYMME9do6,meteoradbc,1789306941,0.0001043,,104302.84,104302.84,11961.41,11961.41,11961.41,11961.41,521,497,521,497,521,497,521,497,889,889,889,889,0,0,0,1,,1789307110,187,186,187,186,187,186,187,186,
1789307095,4wBtpAUgcwjnUZsATfS7vXv59hC2auUX2E5PRK4QYKic,1bnB,Dp9TntmhE6TQsiUc7apddvjHKGHAfMJwE47LvqKYrMfx,meteora,1789306916,0.00001278,20840.7,12784,12784,66908.02,66908.02,66908.02,66908.02,871,361,871,361,871,361,871,361,50.77,50.77,50.77,50.77,0,0,0,1,DYN2,1789307110,723,59,723,59,723,59,723,59,0.0
1789307098,BdeRYRq1ymAayWf9evGNwUBjTqAEG7afoJhFEedXVtyJ,YzY,HTxCTWRHBE9sdxjjzVpfsZYeCXGQj4x1eqSxHAq6MQV5,meteoradbc,1789306840,0.00004541,,45418.56,45418.56,9456.77,9456.77,9456.77,9456.77,315,401,315,401,315,401,315,401,20.15,20.15,20.15,20.15,0,0,0,1,,1789307110,178,178,178,178,178,178,178,178,
1789307095,4V8DGnTYjEZXNtZZmpAXM3Z2k3DnqrjayH3D6suqRHuY,PURPS,4Vic4yvwc5mLoDQqdEwBggXFS7jTWCsDBvUS1A9rzVqA,meteoradbc,1789306822,0.00004715,,47151.69,47151.69,10550.28,10550.28,10550.28,10550.28,209,209,209,209,209,209,209,209,262,262,262,262,0,0,0,1,,1789307110,109,103,109,103,109,103,109,103,
