ts,token,sembol,pair,dex,pair_olusma,fiyat,liq,fdv,mcap,vol_m5,vol_h1,vol_h6,vol_h24,al_m5,sat_m5,al_h1,sat_h1,al_h6,sat_h6,al_h24,sat_h24,deg_m5,deg_h1,deg_h6,deg_h24,boost,n_web,n_sosyal,n_pair,etiket,gt_ts,alici_m5,satici_m5,alici_h1,satici_h1,alici_h6,satici_h6,alici_h24,satici_h24,kilitli_liq
1790934646,FiHpuVdsEqsMC571m9e7C9Ct1mgUCr6x9wB3pq1Fpn56,BODEN,9TymA5XepTVna5DcEuq4dGePRidYbvdQoySvWcyVAY6W,pumpswap,1788956141,0.000004975,5482.98,4853,4853,0,0,1.74,50.73,0,0,0,0,0,1,0,4,,,3.27,2.53,0,1,1,1,,,,,,,,,,,
1790934645,8H5yfL1GoDETLDaLYZzrgQuZs37eiKJjdfP21b6ypump,SAAR,6hzdUCkrzgoJ5ugz2vWwKd56odxziZwyMEN7CCF7hSKy,pumpswap,1788562544,0.0005829,76561.04,549205,549205,496.51,4988.56,17727.47,137261.73,2,0,23,11,111,89,774,713,1.92,-6.56,-9.57,-6.52,0,1,2,1,,,,,,,,,,,
1790934643,4mSGtSCjZm6qQcef4p8mNMbSyAiqVBStgHMo5w4MFP6L,BoB,722FSSdCzNEsn3kyeXTX9qxVMnq2n3oYJ16EwaZ6QKP3,raydium,1789118463,0.00001315,16449.31,13156,13156,1.13,1.13,241.08,3204.76,0,1,0,1,0,4,24,31,1.92,1.92,-2.93,-42.87,0,0,1,1,CPMM,,,,,,,,,,
1790934648,ZesMGYmokFiEuDvNzWeMhB7jxF6eUW8c512vwSKSTNK,🎒,CW5jBQCAw9btDETXs2hZsDUNHYAaXpx9mgKfzYimsebh,raydium,1788769302,0.001865,282022.01,1865476,1865476,9.88,1569.96,21572.54,197800.15,1,0,17,13,96,67,663,478,0.01,0.53,10.18,-18.27,0,0,2,1,CPMM,,,,,,,,,,
1790934646,DrdwSUzt5ZMqa9Yj1cpvNRRx7zQZP5s9Gm2S8m62STNK,STINK,GHp34Zq9EjTjj6DTsCnP2czhWZDuLUdbhuetNK38igqM,raydium,1789124324,0.000009538,8845.89,9538,9538,0,0,98.05,618.01,0,0,0,0,1,1,10,13,,,6.49,-10.47,0,1,1,1,CPMM,,,,,,,,,,
1790934647,HYm6BfpDQkfUtnCWVnj6YAGzJvnpzuCWDZKrpbAVkBFh,WUFF,7GA65yufYGnzdRaJCjy7QPPrivEsf4f85uaTwy4DQaQL,raydium,1788792411,0.00001444,10720.06,14447,14447,0,0,439.34,741.99,0,0,0,0,0,2,2,7,,,-12.62,-18.54,0,1,2,1,CPMM,,,,,,,,,,
1790934646,DeCbrdr7VGSL7BTFufojwoJ4gudUrxE9pwBzJ6sApump,poukŸ,5z9oZrUShm7NyiQZdj6NjmuYVAC3sAM12aTTvrmAq89L,pumpswap,1789039185,0.0001889,38322.64,182680,182680,0,21.55,21.55,945.32,0,0,3,0,3,0,17,11,,3.31,3.31,11.32,0,1,3,1,,,,,,,,,,,
1790934643,3Bs6YrujwD96HiwgNMpqNPh5LoLF5L5XK53uorChjqJ4,SOON,BiVZuessMiWookjVzT6BPg1gH1doTuoYUvqrwohR87y7,raydium,1789461855,0.000002045,3504.63,2039,2039,0,0,0,1.1,0,0,0,0,0,0,0,2,,,,,0,1,1,1,CPMM,,,,,,,,,,
1790934644,5g5kvhKsKdiB4GEzxeic7BNLc5njoQMSeKP2kC9pump,fart,GZSJgmePX1BLMygJBdapbtqDwaC3Qx83WFmsrAzhYQiN,pumpswap,1789465002,0.000006449,6697.51,6301,6301,0,6.27,6.27,394.13,0,0,1,0,1,0,2,2,,7.53,7.53,2.14,0,0,1,1,,,,,,,,,,,
1790934644,692MdH1nbX6gf2xYcULvJUqVDsVgi6cbQatrMqCxpump,GUMBUS,AwTZzVcG6YwDJHDDwVqok6RgS6Dj8vZaTnAaPf2MYPLt,pumpswap,1789744755,0.000002723,3132.14,2693,2693,0,0,0,47.06,0,0,0,0,0,0,50,38,,,,3.69,0,1,2,1,,,,,,,,,,,
1790934645,8UnFuUEWeKZ9Vs1EPxVspKnVWRbWLMAubJq5YqNabonk,LUCKYDOG,95C5xWpRaWa73oGKV4KZNZKvbpkDqG9JL7Ye157jYTym,raydium,1789745402,0.000005671,8784.58,5671,5671,0,0,0,133.97,0,0,0,0,0,0,1,8,,,,0.39,0,1,1,1,CPMM,,,,,,,,,,
1790934643,4JHXtNwMogExmcxXB1Ykb1A9s6yyAWKYG7xRurnT14Ws,BABYCATE,8bQnjS5Lw2NPxWMESpo8UY9mf2ErcQ1kwPpDSRfne8xu,raydium,1789817313,0.00004448,17212.19,44487,44487,0,16.86,3548.13,17785.46,0,0,1,3,31,34,161,149,,-2.81,-8.77,8.21,0,2,2,1,CPMM,,,,,,,,,,
1790934647,HbPYRoj7x4m5Bomi6MDMC8XuudFs5cqnqoZCziXjpump,UNO,AmmYghWb6zS2cfsXaQvHiSSTJQ7EUcRKSNq4ii4KZGX4,pumpswap,1789761406,0.00001780,10234.48,17096,17096,0,0,207.61,1545.23,0,0,0,0,0,4,14,23,,,-3.89,-28.4,0,0,1,1,,,,,,,,,,,
1790934643,3T4ZBX6amaLpSWe8MpVpgUhaniVq93ATNXcPeNzVTxJV,PONTES,J71hFW2JPHa4Zh8xVaxhnqEjTHQUyR3kB6DtKsmKxJdD,raydium,1789972941,0.000007361,8073.4,7362,7362,0,0.75,51.38,750.14,0,0,1,0,12,0,31,12,,-0.05,2.58,-19.51,0,1,1,1,CPMM,,,,,,,,,,
1790934644,7y99REwtyMRGwP2vpfNZ1RC1ygkRsggM38Cyx4R4uA2m,COQ,FS7QQNuofziVGmMR4tkTsDo3GYFf1rrRFacf4WfexoDR,raydium,1789954325,0.000003358,4106.83,3358,3358,0,0,0,11.41,0,0,0,0,0,0,1,2,,,,-0.38,0,0,0,1,CPMM,,,,,,,,,,
1790934646,D1zD9GjCNocsCxJZJKEbWFhZ71QXqppuyoTUynoMpump,kakacoin,CzTHGiCdRYMXfdd14zMf5FiLg5E1xDqrtNgAvJonjeE8,pumpswap,1790086072,0.000003240,3296.23,3080,3080,0,0,0,5.5,0,0,0,0,0,0,0,2,,,,0.17,0,1,1,1,,,,,,,,,,,
1790934645,Be7ZBWaawENTSh6S2Nz3Dj76LptXW6AMBNQyZJ1upump,PUMPBACK,FAmgCbui3RsHCVsEy9qtJnx63TzwwqKzpALvyHunVetn,pumpswap,1790101913,0.000007316,6768.5,7030,7030,0,0,0,36.38,0,0,0,0,0,0,0,2,,,,2,0,1,2,1,,,,,,,,,,,
1790934644,527PdUTGwcFxVEMXt8tyRJA1nYbVedgSiSfh4s2LWTWz,BOP,2Sra9Xw28W25LecbFhHzV4nP2BoWx7G1mqyMJPnJHFF5,raydium,1790054892,0.0004645,74372.93,464514,464514,6.66,5983900.19,11670331.08,21560400.05,2,0,6,16,106,108,549,531,0.45,-4.93,-13.21,-37.29,0,1,1,1,CPMM,,,,,,,,,,
1790934645,C1MHyoTJpRTeS9AQCyspNVu2EWAYCZwmJ1jNkEArFP1f,APE,88v4aoey74npmh3yJS9PWfzWFnuxAyZRkeTLveY7VJrn,raydium,1790097516,0.1555,81184.72,186689,186689,1028.55,4741.03,19254.95,135174.45,12,1,56,1,153,55,649,747,0.24,0.49,3.01,3.18,0,1,2,1,CLMM,,,,,,,,,,
1790934643,3B72iCu6FXMqN1fk5EKrkDxT4Er6cDomoo6Ym23Ypump,BFC,BChHmBF3PwxecJddjk2DQcTc1eM8phUr324ntfyb9UnD,pumpswap,1790113096,0.00003040,14433.41,29965,29965,0,0,1030.99,3040.62,0,0,0,0,11,10,19,25,,,7.86,-15.51,0,1,1,1,,,,,,,,,,,
1790934646,EG4dCBXrQVcWQStLtkXbr5cecoPjqaLAeCBNG1ybfEXT,BADGER,EC7t9MuzhzA3Z4aFhVqHud9K4QvEB5srsjTr6DvLEtMP,raydium,1790050130,0.000004745,6536.93,4744,4744,0,0,816.25,823.55,0,0,0,0,3,4,4,5,,,-6.96,-6.7,0,0,1,1,CPMM,,,,,,,,,,
1790934644,5xxnT772vG9jMGJp7XNXkKzdErUFBnzGdszGL5mVpump,GOUR,5XSP6ffQypEHLGPr5zWtjDEw2EVxQ8oLrXLtMZmjPX6n,pumpswap,1790156899,0.000004781,4790.37,4532,4532,0,0,430.25,437.4,0,0,0,0,4,2,6,4,,,20.59,23,0,1,1,1,,,,,,,,,,,
1790934642,2M84VE4DWD4GkrURatcWJXy4r1pZDLJS7EDto2q8vW3B,TENDIES,GrPygTjRJtrk7c4XEAKe4mAzNxxDTsdS9dGaY4QG6Jnk,raydium,1790093742,0.00009523,28070.87,95239,95239,0,0,5.38,2254.96,0,0,0,0,0,1,20,11,,,1.62,24.67,0,2,1,1,CPMM,,,,,,,,,,
1790934647,QrevJp2pxTYFe39SiZfGJ3koUffLtuSNdxLf2ymV8Y5,metball,uYRqVTrLUkFF9tJ4egirDrraQSunAbYfcU4Xsj41QUe,meteora,1790163241,0.000009287,9154.31,6747,6747,0,0,35.15,440.57,0,0,0,0,0,1,4,10,,,1.54,-5.54,0,1,1,1,DYN2,,,,,,,,,,
1790934643,4EXKnYf7at8s5msWqZbjWd7DMvgV222L1dYsttCFpump,LOOONGUY,6XGHRaVxWX9fki46p6DUyMUeiUXpLcZ58Pgp8n1KAodu,pumpswap,1790162901,0.000002562,2861.23,2471,2471,0,0,0,0.41,0,0,0,0,0,0,0,1,,,,,0,0,0,1,,,,,,,,,,,
1790934644,6tXfZXND9VtrbPUqCrqNM5aUxnofebm3Mp2fhG4ctJXu,FOMOCAT,5mmSjJY22QWHXe5ZnrjjbPht4uNw64cj9kvW7msCSSci,pumpswap,1790259649,0.000003114,3024.81,2819,2819,0,0,2.64,5.1,0,0,0,0,0,2,0,4,,,2.26,2.63,0,0,2,1,,,,,,,,,,,
1790934647,J6pQQ3FAcJQeWPPGppWRb4nM8jU3wLyYbRrLh7feMfvd,2Z,5Guq7ooZFtNju48kVNRzCVJmE9erW4DPcTQyrAk3z4UE,raydium,1776967399,0.05925,958276.44,592534170,302938015,2149.29,9475.21,88664.26,395562.54,36,16,95,151,1115,1206,4548,5015,0.69,-0.09,3.27,0.31,0,1,2,1,CLMM,,,,,,,,,,
1790934646,DhZVrg8FzKsed6DYVYpHFZ8fNAhnwsYD7e1GtqWTRpkc,PAPU,C3pTiNkkexcws24hE59rz5QeU7eC55EM3pso7HtAL1if,pumpswap,1790185262,0.000007253,6868.25,6970,6970,0,62.24,63.73,92257.88,0,0,2,1,6,1,568,432,,-2.17,-6.62,-15.69,0,1,1,1,,,,,,,,,,,
1790934643,3JJU6j1X6gU7aDMo8DX3zDue1wDV2kjvoTRhmcFWSVvA,BURNT,9wE65t4zH59FsJAJ8ocUh1CJbTyTvi3xSSurpw61kM9V,raydium,1790184572,0.000002352,2263.71,2305,2305,0,3.95,4.18,148.46,0,0,1,0,2,0,7,22,,0.99,18.06,-25.4,0,1,1,1,CPMM,,,,,,,,,,
1790934647,MadVLQYW7VUzfMdMDHuS3UVgJSNUQGwvobYgYZxpqp6,MADVULT,Csz1UvDq9YkEcsJJQhMLwkMVyos3MZHmdPYhsrvcixka,pumpswap,1790183971,0.000002922,3571.75,2887,2887,0,0,0,0.58,0,0,0,0,0,0,0,2,,,,0.1,0,1,2,1,,,,,,,,,,,
1790934647,HhXe2PbtXQHzZ5Ch46MBXf7rEbMgnYsCGaEhktyKGZNT,SCHLONG,4RgV4wZLiv64QZjrtLswS5Abr44p6E4m3mrC5sfjtt3P,raydium,1790184649,0.000004075,5960.53,4076,4076,0,0,0.96,50.46,0,0,0,0,1,0,4,7,,,4.13,-1.35,0,1,1,1,CPMM,,,,,,,,,,
1790934642,27XVtvjVVwBgZKDfBQfQ3L8TvWvBWCDYL7vBnFtjbdLc,PURRP,25PvsPm2Tm9DrgE9FqJn3yZT9RtYCrPYBsKaCsDPy2RA,raydium,1790196712,0.0003873,57279.77,387373,387373,0,6238.86,45360.45,185515.31,0,0,21,25,138,92,410,311,,7.88,22.2,-12.69,0,0,1,1,CPMM,,,,,,,,,,
1790934643,4mS5JinFf5f1GCr5K2MRLgQiu95ifd4X763Uhj2Ypump,UDR,E3fvyZyvr3pbhvgHTNXxbnu7Uvr9KG3wUY9TWijSv1kN,pumpswap,1790194019,0.004889,207632.95,4880036,4880036,1071.21,6562.78,74973.22,494364.5,16,7,105,64,773,510,4973,3423,2,3.12,-6.85,-24.52,0,0,0,1,,,,,,,,,,,
1790934647,HSUMi4rMgjrx7zRUabw3ogGu1pa5hmF2eVcXj9Apump,goon,9PYormkWiWYAALGWkNNBjSEqKk79HPoRaLgQhMfY4fuv,pumpswap,1790202863,0.0001303,42849.31,127353,127353,0,443.35,7167.02,74344.04,0,0,7,12,56,50,499,407,,-1.68,-2.08,-31.26,10,1,2,1,,,,,,,,,,,
1790934645,A2rzoxEZpjRWeXsQUSsCqoQ3VhD52947HVFUdMWvUSfW,Abu,BVpf21otVkxfwUEZwsERwGZXcaRcW8J4fVEV1Ln1ECpN,pumpswap,1790221565,0.000002981,2928.98,2849,2849,0,0,0,92.92,0,0,0,0,0,0,3,4,,,,-4.48,0,1,1,1,,,,,,,,,,,
1790934644,6TcFqnzyxFE6bZPqNL7MimUsvggheDQrjwKUhGUKJFXY,Rufo,Bzun9z1nwRr4pcDA51MGkA3YqzhB5TDonprxRBG7ALpe,pumpswap,1790218653,0.00001116,8853.11,10360,10360,0,0,3.25,2567.93,0,0,0,0,2,0,32,36,,,2.49,-4.25,0,0,0,1,,,,,,,,,,,
1790934642,1gWWhs7qrd9sBHwppQdMU2h2fTnnyoCYCSuVjFBpump,DOGY,9jAaCVm6wcnGmqFNhmYEdzL9YCsJB6psK1iFNT68xziq,pumpswap,1790273862,0.000003486,3413.73,3332,3332,0,0,0,124.36,0,0,0,0,0,0,12,6,,,,-1.94,0,0,2,1,,,,,,,,,,,
1790934647,G59zeXWwXMw2bb6UJD1ceELXRhNkLXHkYrtBYBV5agnt,.agent,Ac9V1XvCdyF7oreiHhQjZDwT1zy8kGKnhAcwk2U3kAvC,pumpswap,1790244859,0.000004821,4846.52,4580,4580,0,9.49,111.19,183.7,0,0,1,0,3,2,7,13,,1.84,2.63,6.47,0,1,1,1,,,,,,,,,,,
1790934645,AB6GPhv1N39418hYjCqAqnffT7Je4mrXRDjBXtu6pump,BOARDCAT,3TzFDYQXukxhyQbCHHTr74SRpGSNXa22B6bTV9J4FpET,pumpswap,1790263398,0.000002977,3347.61,2935,2935,0,7.26,20.18,261.69,0,0,1,4,7,13,236,192,,0.06,-1.19,1.05,0,1,1,1,,,,,,,,,,,
1790934644,7vj29b4sM8EGX9VDuY95NjgskWC8FML2zu5np2bR9xB6,HTTPS,Dj4kD5dd51Y6qvFCkRwRUVxALMCG3mFoRpy6WjGN581f,raydium,1790262623,0.000002271,3972.26,2271,2271,0,0,0.57,24.79,0,0,0,0,0,1,1,4,,,6.11,5.34,0,1,1,1,CPMM,,,,,,,,,,
1790934646,D3EZngMsHrHY6aUZyoRW7feeAFHKhLHc5SVYq47hQbga,OHMINU,GzEWPTFCYwpDEYyXD3Ziv7uLYXt42279Wmy4hh78nASN,pumpswap,1790350499,0.000002828,2784.52,2693,2693,0,0.46,9.37,64.73,0,0,0,1,4,3,52,50,,0.34,1.52,3.25,0,0,2,1,,,,,,,,,,,
1790934644,6YqakuvZZ26Svz5SGtCV4yWymwyp1NM4M1DgBX7svRpC,MACCA,7xzqbtmk6HK1yAsjemfo7PyvfEqXsUn5wwXemr2G984f,raydium,1790262334,0.0001461,38878.43,146114,146114,0,142.71,2878.04,36575.81,0,0,2,1,11,15,146,150,,0.29,5.96,4.62,0,1,1,1,CPMM,,,,,,,,,,
1790934647,HiiRvVQmdETji3hRJArjJr6QxLKryYHKkREXrDEwNa4E,LIQUINU,4urS7v33AaAcxWJuc5JcPkkc1NzHPg9FDQxEmZvDrgTe,raydium,1790271305,0.0001490,33074.1,149042,149042,0,0,1270.55,7391.18,0,0,0,0,4,4,29,41,,,12.26,-28.61,0,1,1,1,CPMM,,,,,,,,,,
1790934643,4dtNo5GHzbQTU39fykpy55NuLaWyVSpB3HQ8UdUbCwxn,UI,F6DMJtuSqWP6nx8NA4Xat8obzPTFFYyBwuE6CF4PFZLA,raydium,1790286040,0.00004035,17114.25,40359,40359,0,67.94,198.3,928.05,0,0,1,0,5,3,15,14,,0.52,-3.25,-7.73,0,1,1,1,CPMM,,,,,,,,,,
1790934645,B2JBQ98ZARAABHvDmhjrkviz1XzoQrXr75G7RTFQpump,LASTDITCH,CagyRzTfkTkZ2VQ6fNqKdbWqk5Cj6fEfpSgraKNf8ayT,pumpswap,1790288303,0.000003526,3360.13,3318,3318,0,0,0.24,0.24,0,0,0,0,1,0,1,0,,,,,0,0,2,1,,,,,,,,,,,
1790934644,7c67PJmH6xVEQtnPRBhD4qVkzdKqn6j1xPfgokchjpo7,Xi,5cUdDWFPB2xLQg4nbW2sZsvJ4VBujeeuMPRsBQbVh6oR,pumpswap,1790287611,0.000002644,2776.15,2567,2567,0,0,0,4.12,0,0,0,0,0,0,1,1,,,,-1.29,0,0,0,1,,,,,,,,,,,
1790934644,7Da5hXJsQgmPsmFyRRmXrVKJUyNh5i79sqDFLUak6v8n,Income,8kGyw2YvPe1MTKBzT86pAyfsQ2WdA92qDPsAT85GQxse,pumpswap,1790350616,0.000004791,4547.73,4555,4555,0,0.55,72.91,130.85,0,0,0,1,0,3,1,7,,-0.08,-10.61,-2.7,0,0,1,1,,,,,,,,,,,
1790934646,EFv1JzU84iHk8j6EkdBmd9ACgoV77GUhh2xJqNdFpump,MEMECARDS,3kSeomZ3FTSnqNEgWyMpzFHWcVMR4Y6n8nSh5vKc6cV1,pumpswap,1790404649,0.000004934,4967.55,4758,4758,0.11,0.11,10.47,28.91,0,1,0,1,2,2,18,24,-2,-2,12.57,18.31,0,1,1,1,,,,,,,,,,,
1790934643,3pVv9iav75CfaVb2YFLtX1ijYDXSEPLmweWxUYp8q8nG,STEVEWILLDOIT,6VjSkPCGpTE5RYXgJv5Hs5FD9c2Lk9B9QHSaVjw8kqbE,pumpswap,1790389345,0.00001346,10623.45,13196,13196,0,49.85,1585.34,21921.45,0,0,2,2,33,34,247,194,,-0.18,16.21,-4.48,0,1,1,1,,,,,,,,,,,
1790934647,GKaWJkSUgraALkF5GaCNpomH9ed3Vz6xnKR62WFkpump,T/ACC,iZCdZPhN6bxeZ5JuMTyzXa5me6ZEkCmZgStnYhcFpm8,pumpswap,1790431766,0.000004821,4297.33,4606,4606,0,8.8,316.79,15470.52,0,0,0,1,6,6,230,168,,-4.64,-2.2,21.13,0,1,1,1,,,,,,,,,,,
1790934645,BmP71ELowgA534tLn6EWfivamA4f4mcv85LPmEGPNPAY,PAY,7HvEziZejHNGPDx4AMMyxDdEQUa4mWDwKDFCDDG7aGkJ,pumpswap,1790417225,0.000002747,2928.68,2694,2694,0,30.12,34.42,34.53,0,0,0,1,0,2,0,5,,-1.41,2.36,1.72,0,1,1,1,,,,,,,,,,,
1790934642,2nJpGnrkX6pDPstr4JELcWnGsjiN57vajfR89iZkpump,MUNKIEAI,ENCjfNPwv94kmzc483qmA6GQwMDrQrCbhpSknGgWD9Zt,pumpswap,1790414827,0.0001913,42817.18,189428,189428,128.21,11667.44,12032.17,391697.5,5,4,23,23,25,26,2137,1530,1.04,-52.15,-50.86,-36.29,0,1,1,1,,,,,,,,,,,
1790934646,EcwFm5TJ3zuBXnsT6DngXMAMfsfELhwGc9JFgeVWpump,woj/acc,DdJqRCiWKL7E7LjbAXTicxoWsEufZ6tyzjSK26QbetYm,pumpswap,1790417252,0.000003195,3824.27,3082,3082,0,0,0.23,13.72,0,0,0,0,0,1,0,5,,,3.38,3.29,0,0,0,1,,,,,,,,,,,
1790934644,7amYuaF1XF2mMvRrsnGrbanQgUT2wJxSgrBuTmt1pump,CopiumCat,8iFiCyv6stFFKMeXJnZdSf9QMaz48PwPZu3tmU7Wge7U,pumpswap,1790460165,0.00001867,10618.27,18180,18180,13.46,13.46,233.95,6463.96,0,1,0,1,6,13,128,122,-0.73,-0.73,1.87,-3.09,0,1,1,1,,,,,,,,,,,
1790934646,EbTid14ggLpp6C7kjCmh6hmE9m7yMDTfVuSLC77Bpump,COMPUTE,45jzscfQhA6ykbSgkAvfocSy2vzfSU5uJJLmyQaQebZC,pumpswap,1790460485,0.000002498,2504.97,2355,2355,0,0,0,4.25,0,0,0,0,0,0,0,1,,,,,0,1,1,1,,,,,,,,,,,
1790934647,G6vNKu5xhB2RN7tK6HXRPTG5pYgy5nc6CEnWqPuG2edn,WOOLLY,8DY32U41qDx6rGj1zDkPzwL2FZi34j6wQANc27N75mKb,pumpswap,1790459555,0.000005051,4711.65,4814,4814,34.66,34.66,44.25,2301.43,0,1,0,1,0,3,32,23,-0.87,-0.87,-4.02,36.45,0,1,1,1,,,,,,,,,,,
1790934645,99WxCfiVSpFKpALnFhhT7uh1YKjjsQztLkRvGrDUPeng,PCAT,CdzePwJzsrKEShtVeDq8xMvfUK6j1Gsw35WjDp2XNhFX,pumpswap,1790531862,0.000003905,3645.31,3699,3699,0,2.41,12.37,266.03,0,0,0,2,5,10,181,153,,-1.43,0.83,3.67,0,0,2,1,,,,,,,,,,,
1790934642,14kH2osUyEJnqBZ7yFK4pLKJGuPZU4pr1enhi2ZLEmRw,DRU,4X3wyYcGk6GzVR8nmsfXeZcGniAehAE7yPiTALoUfRAy,pumpswap,1790455242,0.000006602,5539.15,6452,6452,178.14,178.14,269.54,2314.66,0,1,0,1,3,3,17,23,-5.36,-5.36,-6.24,-2.98,0,1,1,1,,,,,,,,,,,
1790934643,4ecSqqdPi5DZ5wpajg5kVUGDU13rjr19weBHLz2Kpump,RELOAD,AZvuEGCYsqAmezK9MxryDME5oVVu28Zqa6PUkLdt42P8,pumpswap,1790459710,0.000003201,3444.6,2985,2985,37.76,37.76,37.76,49.98,0,1,0,1,0,1,1,8,1.76,1.76,1.76,1.81,0,0,0,1,,,,,,,,,,,
1790934644,87pa2UbBB2dhD4b7CHDPHzzKjrdrUtEcBHueXnVz6CJp,JIZZCOIN,BZq5dv5SD9R8UyFHFXtJLt6q3qHjAVVMHh4VFAQf1qa1,raydium,1790116937,0.000005392,7150.49,5393,5393,0,10.33,183.65,543.89,0,0,0,1,1,3,3,9,,-0.34,-9.14,-18.81,0,1,1,1,CPMM,,,,,,,,,,
1790934645,Ab6CVmhqD3x1bvMZBnjJBJqeTLMm7tAapcZwSU6apump,MPAID,5DKFn27xzpiWQBoauSkWsw115SyMFFkbDNVHDGSXNHJ5,pumpswap,1790486873,0.000004968,7115.4,4854,4854,0,0.28,0.28,1059.51,0,0,0,1,0,1,6,11,,2.9,2.9,3.34,0,1,1,1,,,,,,,,,,,
1790934648,XZCXQ7R97MTA5VSqDsfjpRS3JMtE7VpbgbAZEyZpaid,REPLIGATE,2yddqh43Qu3dK38JC5pHdDu6o5UUbrPmKG2u8WbjwyWc,pumpswap,1790503765,0.000003539,3489.53,3401,3401,0,38.21,38.21,78.18,0,0,0,1,0,1,0,7,,1.42,1.42,0.46,0,1,1,1,,,,,,,,,,,
1790934644,637zoF2cB4QpQUoCsxyiK9AZcRYAaZz1w2pthgjycb4,AQUAMAN,HMmL9wCmAFRs2C5Sa5nggMbnSdNHsuKjiWjbv3iSHw6Q,orca,1790237405,0.000003203,2967.43,3204,3204,0,26.01,35.95,353.03,0,0,0,1,3,5,7,16,,-10.18,16.84,-49.6,0,0,1,1,wp,,,,,,,,,,
1790934645,BJp2yEbtkc8BDXTS6nMwgy7FSS2U4oJdc5Jb23Hypump,eff/dash,5WMfDqSSVKD8xKXtd26pZgutXip5DzCMpuZtNckdK49K,pumpswap,1790508648,0.000002688,3143.65,2622,2622,0,0,0,6.88,0,0,0,0,0,0,1,1,,,,-1.32,0,0,0,1,,,,,,,,,,,
1790934643,4Sbqpaa1pvn7RibuKc6caNJ77tjcQC9WuxHRnzdSpump,BOARD,EXiFdYnwHEZ38rRZ68X8T81BVgFHc9kuYc7cd5eq4JEQ,pumpswap,1790530995,0.000002477,2573.46,2408,2408,0,0,0,1.07,0,0,0,0,0,0,0,2,,,,2.18,0,1,2,1,,,,,,,,,,,
1790934645,B2kipu1WYBPBDQrCX5yv9p7dhjhG1FwwnxBjUDhSkbdG,RAMP,GN5bbAjNeQUpQQiebWmuMwxFarg11UaajHHNc4eoQqXH,pumpswap,1790529919,0.00001294,9685.59,12623,12623,0,41.53,72.47,1782.83,0,0,0,3,3,11,31,58,,-2.36,-0.73,-18.61,0,1,1,1,,,,,,,,,,,
1790934646,Dxz3LSztqekB38wLNZSJuASLDXouphBnUkZnrrj6t7it,TITCOIN,Ai7VCpXLCSuQPiNuaPhSqjwSzELKH1G8b1GbrwsRAeve,pumpswap,1790531859,0.000002557,2543.29,2397,2397,0,0,0,185.54,0,0,0,0,0,0,4,3,,,,-7.66,0,1,1,1,,,,,,,,,,,
1790934644,76R3Mbb3w66VQg7u7tQHoCMqq6QofD59bncoZKnpump,NTDA,3rEMJwD6wgpgQyubwhGDj5sBhLBzeJRbCsjBbczwM4Aq,pumpswap,1790526052,0.000003234,3177.36,3234,3234,0,0,0.06,193761.77,0,0,0,0,0,1,167,315,,,1.68,-99.98,0,0,0,1,,,,,,,,,,,
1790934644,6KqbfB3zL5SockYzfNAFHrTQ9429RZaRPPmQif68U2Hq,VBUCKS,ChvAn5p472Ugr9Bnq3158SX68zaikXcXPE8VmpfqkfJR,pumpswap,1790546490,0.000004095,4200.12,4036,4036,0,0,15.15,140.28,0,0,0,0,1,2,2,11,,,3.54,-3.19,0,1,1,1,,,,,,,,,,,
1790934646,FJGWEmtCEtvyviC8w86twWNiTcXwn7YiAoHmJgxWpump,wiffomo,EWgX3RebidhrzcMattsrNuqnMqzynTr6J3jxshU1YUgu,pumpswap,1790546183,0.000003496,4511,3374,3374,0,0,0.37,21.75,0,0,0,0,0,1,4,4,,,3.54,3.83,0,1,1,1,,,,,,,,,,,
1790934643,3RNy7erxjwGRRYvM6KzVKVtuFnNSpkQFwwiHhUH26xoa,PKMN50,8X65G996GZAiUeuH6A9hJxJWaSzoAcez5aX98wD1NqFT,pumpswap,1790544931,0.000007979,6596.16,7783,7783,129.04,235.44,1845.47,9574.07,2,2,2,3,21,29,131,129,3.52,-0.21,-7.05,-19,0,1,1,1,,,,,,,,,,,
1790934646,CyovMnzMaKGApYsnm55d8rNWhEkskPSidKswnhgzMkGm,BYTE,EaBZLEBQXbbzUyPxpE4Uev7sh6xQTz2NdmJdQ4NqaXx3,raydium,1790568510,0.000005844,7873.19,5845,5845,0,158.56,1567.33,2017.81,0,0,0,3,15,11,21,36,,-7.83,4.15,-8.85,0,1,1,1,CPMM,,,,,,,,,,
1790934644,7SFUQhwC9qpPXtxN3vwHkPwMUCd99BvCYtmWCsemqAsp,BYTE,6Cv1PwZQWGUHm65Dafm7bf9QERDtzte9A3qz75gtgCKC,raydium,1790568813,0.000002598,4781.64,2599,2599,0,0,121,122.71,0,0,0,0,1,0,1,1,,,8.77,8.77,0,1,1,1,CPMM,,,,,,,,,,
1790934645,CGfVJX4D35wE8kviKKE1XyKU9EHRXe4Zsw3R55ABpump,hippo/acc,GCCQkq5YiqxqBrdQaBi83rrHSHEEex5YAaTF3rsCp6xE,pumpswap,1790566804,0.000006300,7833.05,6065,6065,0,0,0.13,15.96,0,0,0,0,0,1,1,5,,,3.86,2.47,0,1,1,1,,,,,,,,,,,
1790934645,AjxqTiS6TnK75xG6pWAMJgNQuhkip3LzN36uy2wBbwmH,CLAUDECHAN,7ckTVPGFmFW7kmV814GLcVDZj5wVwnnGfb6tEBvgLgDz,raydium,1790549647,0.00002036,15175.1,20364,20364,0,235.28,6092.66,90585.86,0,0,4,0,39,45,630,572,,6.43,-12.11,77.24,0,0,1,1,CPMM,,,,,,,,,,
1790934648,XrR9rqzFCBEcYoeyKrHV2uYFmEkwPCh6cxB3KuPCGd5,KOKOS,7RngyNPVmrZjCm34HksS5t7v2Uuq1APm5ELxNAJPQbng,pumpswap,1790554764,0.000003933,3856.3,3821,3821,0,0,2320.96,2493.28,0,0,0,0,20,21,20,32,,,1.71,-6.85,0,1,2,1,,,,,,,,,,,
1790934647,Fr4a6ZvEh6En6enWPjhDNeittzeN7J94HDpTdja2pump,SP,H1PRqDadyz1L1i26oHCDUDipb6tmX1a7YpAZv3LZJ9Qa,pumpswap,1790619892,0.000004543,4492.25,4175,4175,0,0,2,81.99,0,0,0,0,1,3,38,60,,,3.63,5.61,0,0,1,1,,,,,,,,,,,
1790934645,9hvub8ZabGxr2AiJprc65tP92fe2cx6mhwyUemrYpump,PSYCHO,DturxZvx5BYJBNYWzmeUUzDgmDs3NvL54BcpAR17y2cJ,pumpswap,1790617328,0.000002671,2651.94,2535,2535,0,0,0,0.1,0,0,0,0,0,0,0,1,,,,,0,1,1,1,,,,,,,,,,,
1790934644,5HpB4gU9M7xtHC2fLK1FXP7UuDQUvJTRD6guwPKPJUGi,BLUB,3x7tLbTjGFakK6MiTEeyUiRhqLejsDJoaUz1kYvrnj45,raydium,1790448559,0.00003944,19377.67,39447,39447,0,152.83,788.25,36248.63,0,0,0,2,16,6,224,214,,-3.11,4.01,-1.7,0,1,1,1,CPMM,,,,,,,,,,
1790934646,E81zpDGE1e2RhmLqGXfZL5TMje1nm6Sd9r5KGrsepump,DSWAMP,GBxzcecgtW5S4Qb95DTDYCUbZ5EqW2SCWPLm4PFj6Bx3,pumpswap,1790616387,0.000002816,3185.28,2739,2739,0,0,0.59,1.41,0,0,0,0,0,1,0,2,,,4.38,4.38,0,1,1,1,,,,,,,,,,,
1790934645,CCU9jkaWPRjdsKuTRJa7gJZ22Qf1gXSZQiDV69JNG5W3,STUPIDINU,FtjiLNx6fzXPDWaQ1sreHsqcKqU2eadmpaNv7at2ZTas,raydium,1790616279,0.000009222,11932.08,9222,9222,0,114.23,190.09,1445.79,0,0,1,4,3,6,28,50,,0.89,6.44,-25.66,0,0,0,1,CPMM,,,,,,,,,,
1790934645,BgdmnYfBc5xj8akTewzX28DPNfBqgkkKSaAE6KxqfTYu,CANARY,6jsP1zXvBMKAux5aceJ635S1BwctHvTFDSaG9NcutCvV,raydium,1790615230,0.000003516,5504.09,3516,3516,0,0,11.57,435.47,0,0,0,0,0,1,2,17,,,1.46,-23.81,0,0,1,1,CPMM,,,,,,,,,,
1790934646,CqUZ8nFCzqrfNmU7GK9BZroCFWnhRpygdUoiYJxmrpad,xmrpad,6BHjuEAwRfHZvrkhdjRapZa6HzyNHWQu6yysfq9LTvXt,pumpswap,1790635445,0.000003150,3124.81,3025,3025,0,0,0,8.95,0,0,0,0,0,0,1,3,,,,0.27,0,1,1,1,,,,,,,,,,,
1790934644,7dbey6My9ksrNqcRbfwEkMBT98L1PYqke3FhQcv9pump,Coinlator,H2nyraVU5zwYnRVv6jnkLu5UXtDeugUUanU6iSqpezLs,pumpswap,1790633126,0.000002939,3198.73,2874,2874,0,0,2.93,26.84,0,0,0,0,0,1,1,13,,,1.44,0.18,0,0,0,1,,,,,,,,,,,
1790934643,4JUv66RqP9ed78ajpNpuTbC1rGGgQwBwei4agQtGanTb,Loomer,EfYLFXSxuWQHidNBYvVR6thkgYENeDpRy8P9JGYHfBPX,pumpswap,1790632327,0.000006786,6302.98,6519,6519,0,512.28,1084.87,1624.27,0,0,4,4,13,12,29,44,,-17.42,-10.7,-8.01,0,0,1,1,,,,,,,,,,,
1790934644,5SxXkvoY2J4aRLHWpV6VP1gUSVmXrbUE7MYvWaucpump,O,C1GEXb4yfL62w3noSE6xrMZfLiViuGoTvJX15RLB6W7F,pumpswap,1790677207,0.000002718,2801.37,2630,2630,0,0,0.02,2.38,0,0,0,0,0,1,0,5,,,3,4.41,0,1,1,1,,,,,,,,,,,
1790934644,5BzMG8pmZyjPBFkaPSYZK2qRgTsViMqMWV9SmyDQpump,HODL,7PJu9ddamChGtHAczUqUvmrvUkLqKBEvom2aWEbw5UyP,pumpswap,1790673946,0.000002507,2655.22,2373,2373,0,0,0,0.15,0,0,0,0,0,0,0,2,,,,0.64,0,1,1,1,,,,,,,,,,,
1790934645,8ggKQ4J1CZCEieP6pKTx6MosipWK8c5qkRQQx5DFpump,STRAIGHT,61uf9wDvk45yqFhW9dud2pm4a5iTrYPmqYn3bFfxX9qi,pumpswap,1790675641,0.000003112,3734.91,3006,3006,0,0,15.32,20.05,0,0,0,0,1,1,1,3,,,3.68,4.13,0,0,0,1,,,,,,,,,,,
1790934644,84D3VopU3g5qo7jUwzQK4P4BnVPQWr2MzeaRCFkHpump,POND,9Laz2p55TfBxoiDRWZQNU8SKzr9534ZKHW9hmZPDXZ7E,pumpswap,1790676981,0.000009876,8627.51,9739,9739,0,296.56,2079.6,31090.75,0,0,4,11,42,83,614,648,,-6.74,-33.12,-83.92,0,1,1,1,,,,,,,,,,,
1790934642,26QftJYy746GCx6wnV8vMkJRErCtyhChM8hBxY6Hpump,NYAN,79KbbTrCHft9rm81J6fQa53q7GwkiJ3rCk7rsz4oXnHF,pumpswap,1790783455,0.000002989,2921.8,2717,2717,0,3.14,53.37,141.44,0,0,0,1,0,5,4,17,,-0.49,-1.44,-2.85,0,0,2,1,,,,,,,,,,,
1790934643,4NDRfDPk8pUsY4BATSi7RkCv9D6s3oecF6zyz24Upump,Float,EkAMz5J2LxjYRQjku32fpJheP61EtbdSBGw8zZPV9m72,pumpswap,1790703830,0.000002869,3013.61,2787,2787,0,0.47,0.49,136.77,0,0,0,2,0,3,1,9,,-0.12,0.07,-3.37,0,0,0,1,,,,,,,,,,,
1790934646,E9C1BsH3MfGydEsZKQ7E8nAVdt9zpfhVMbS9Gaktpump,TikTok,9PDRBfBL5v96YPov2Pn5WT6mcE49LTa4SfwaXom1DUbv,pumpswap,1790703902,0.000002107,2134.29,2096,2096,0,0,0,1.16,0,0,0,0,0,0,0,1,,,,,0,0,0,1,,,,,,,,,,,
1790934642,2KfbhUBYFMUoJgocJ8Wh2SEuuizuw1Bi7SK4Q5FER47H,SI,GzZaRugVALE4Ue6cqV9fs9XqNYPaN13qpu67dBWWkoxP,raydium,1790718702,0.00001321,10745.14,13216,13216,6.71,514.76,981.5,23955.24,2,1,6,5,20,16,210,298,-0.18,-0.91,14.88,-48.58,0,0,1,1,CPMM,,,,,,,,,,
1790934644,7Wh6rxVWUBFCNCWCz7nLaV7z3SDr2M6rFTjjWP6aE8p1,SI,DyVrHutNGpuGFgJzDxZVfpAUbUjo1XJdaN9aDLrfRj6P,pumpswap,1790718791,0.000008230,8158.8,7809,7809,0,0.23,383.62,5377.81,0,0,0,1,3,13,77,158,,0.61,-11.4,-34.23,0,1,1,1,,,,,,,,,,,
1790934644,7JJ38hcaopfvQtKet5EwKG9pZTnfHLJCHiNRsPjuAPFZ,ABUNDANCE,gqrUGGGWKYwVYMBSrD2UhVhCMmfX9t2gCGAMitXiA9K,pumpswap,1790719617,0.000003504,3512.18,3147,3147,0,0,0,50.31,0,0,0,0,0,0,0,6,,,,-4.65,0,1,1,1,,,,,,,,,,,
1790934644,69LUE1aKyP9DeKkRjZbmefXmj2VBJiorLGSw9oL83WCp,SI,4ovnzJLjNDch8YRzzbfzGWAxNEQbaLYEVLG3jnx46ctZ,pumpswap,1790719423,0.000003645,3875.5,3428,3428,0,42.91,42.91,202.68,0,0,0,1,0,1,2,8,,-1.04,-1.04,-9.96,0,1,1,1,,,,,,,,,,,
1790934647,H8biQnEVHDM1foz22p8jAyRh4CDpytq22DurHCHvpump,ASI,Fw1kE2XPEVVGYmFkzocwbfgW95rR9TA8F8QKXEn6gvou,pumpswap,1790717308,0.000002256,2385.97,2227,2227,0,0,0,0.46,0,0,0,0,0,0,0,2,,,,-0.04,0,1,2,1,,,,,,,,,,,
1790934644,5g8nL1JNuZdPWR9a5WyBjT4Xpt1KM1xbzd51tXUfZH3L,TIDE,3jUCQr3D5wxPgJtNB1tVkcKpqcnorntmh3jYbukW1tYY,meteora,1790720614,0.000002654,4771.14,2654,2654,0,0,13.27,223.54,0,0,0,0,0,1,1,7,,,2.84,-6.47,0,0,0,1,DYN2,,,,,,,,,,
1790934644,52KK9TGWqpSfanxb4rnBHWKtt9PTQ9MPncDkwgkP98Fr,P(DOOM),9KvmPGorUTovT7MxqusXYd6g2ChMz78ksEEUUJbMKbVa,pumpswap,1790719370,0.00001632,10342.68,15329,15329,0,805.73,5061.27,50663.85,0,0,3,8,48,53,473,480,,-20.95,-24.13,-73.06,0,2,0,1,,,,,,,,,,,
1790934644,6f2RHqHu2bAcbEtMYtH3ZMcVfSaZPJsiPigrd4yRshyb,ETHFI,EdUXP9wMp2gjArnRAFEC54A9dbpwntUM5wwL7mZZZQc1,raydium,1790742034,0.7703,770055578.12,770368000,770368000,0,0,44.23,204.1,0,0,0,0,6,6,26,26,,,,,0,0,0,1,CLMM,,,,,,,,,,
1790934646,CkEhC9Knh61GTBMi7KMFa5Na4Na86VnZVi82qZyopump,KAEDE,7MQHHN3iv7S41WYk44frReNsjM7sRnFXXxPkqdmq89kH,pumpswap,1790741842,0.000002627,2695.04,2530,2530,0,0,43.45,54.23,0,0,0,0,3,3,4,12,,,3.33,4.37,0,0,0,1,,,,,,,,,,,
1790934642,2mmdUJEdSyC4PUAvnHZA2G6vKtJ2x5J7AMXxcDcppump,enu,Fwh2ME95TL3avBfXTzdKzhCWCPpJjtSvmnhY6Xu5zx78,pumpswap,1790764078,0.000003897,3646.52,3449,3449,0,0,1.17,63.85,0,0,0,0,0,4,0,9,,,3.49,0.25,0,0,1,1,,,,,,,,,,,
1790934646,EbJJKtnawGPhfgthRrwsyDgrCc1smGUUYbK5WNAK5E1N,Gingitsune,EvXgqzUT6sGd4iz7mE8nYH32WZK1aDEr9hWXhoGkXfmZ,pumpswap,1790762968,0.00002610,13528.47,25023,25023,10.13,2471.43,19350.61,129367.72,0,1,29,25,158,153,1358,1089,-0.17,0.91,-10.23,-64.33,0,1,1,1,,,,,,,,,,,
1790934642,28A9yL6RB6QKPy3hLonSbGKt2gWHucgCHbEByPp1Mf95,TI,3utUuvoyebJEoiJET7ydJ8ohwQ5MFZ1fA4Hh3bZvTyDM,pumpswap,1790762527,0.000002632,2705,2544,2544,0,0,0.67,38.43,0,0,0,0,0,2,0,7,,,3.03,0.07,0,1,1,1,,,,,,,,,,,
1790934648,aD2P7HNY4F5Pqp6QcBWEDAkEgcT1QqPUsafajS1AAea,QRCAT,4X16MYgMBAf9uW6X4isJzTumBXhmF7WSuRJf5S7M1viA,pumpswap,1790763094,0.000003470,3544.43,3256,3256,0,1.31,140.62,26520.47,0,0,2,1,4,14,345,313,,0.03,-7.07,8.94,0,0,1,1,,,,,,,,,,,
1790934645,B7rrpKUnHyyT5MZqPxMhgd1TKAiHGaDuP9STom7Upump,Apple,2tgmuqQ5QaratVQSsb5a5grvKYpDTpZxQ2Vcv2x46QQ3,pumpswap,1790762379,0.000002205,2225.87,2194,2194,0,0,0,1.19,0,0,0,0,0,0,0,1,,,,,0,0,0,1,,,,,,,,,,,
1790934647,H3vfXFZfFQnba2NV2seTMBdY92yLK2VJHsppUzYv6ua,GENNYWEALTH,HnFFnT64a5YYSUgNYt4Kr6qvVFr4FxbYLMngTU7kjWLH,pumpswap,1790767464,0.000002504,2580.28,2443,2443,0,0,12.04,91.03,0,0,0,0,1,3,37,36,,,0.36,-0.12,0,1,2,1,,,,,,,,,,,
1790934645,9EPCWPC4eqhYXKeL8qgAUgSzrkvvk1D4ygayeVnw1vsS,fudcoin,DJeDBGYfPwu12BPHyjQoayt1o5Eh27dkvLRdxVaWB8eX,raydium,1790768590,0.000002870,5130.45,2870,2870,0,0,140.15,402.42,0,0,0,0,3,9,14,34,,,-6.5,-15.39,0,0,1,1,CPMM,,,,,,,,,,
1790934644,5Sg1vv51KGCSDF2gBHgbNATCEXFjYtVhWgztNUwtgJYD,HERZOGIAN,HvZwXKakSprc6EA3qiDqjy89DPYNuuXFPFZQ6GE8mBoy,pumpswap,1790776412,0.000002652,2668.08,2560,2560,0,0,5.56,1263.53,0,0,0,0,0,5,18,43,,,1.56,2.49,0,0,1,1,,,,,,,,,,,
1790934645,8XJgoo3yrkEBh84sx1dtysmznWG4V9Q5PBVVbs2tT18J,PIKAPOT,HvyKKmaZ3TDEMQXPwmcABCHCN6Mx3jo1RnWGZTCL3QWu,meteora,1790776701,0.000005620,8786.37,5620,5620,0,301.27,619.22,3328.5,0,0,2,1,10,4,64,59,,-3.66,-3.11,-39.13,0,1,1,1,DYN2,,,,,,,,,,
1790934646,Cb2pMbsRRvaeZoxpRqnTP6k6hLziSUf5pnqW9Jx5T3Wz,SGI,H2zaAYAEcyCK2h2NdyrzzToo8yhEjYJLdNo4A9Vz2RkJ,raydium,1790775436,0.00004440,21947.5,44407,44407,52.3,4708.53,22250.28,133803.04,3,0,59,27,186,131,1279,1066,0.84,8.31,-5.17,-52.53,0,0,1,1,CPMM,,,,,,,,,,
1790934647,G9Q51Jf7SYer6xv83UCa1myUCTcivMqAEVvUhA8ppump,BAG,6Epj2rWCAfqzhMKWHJE5RQjJ6gKrjUZF3kVVPfqWqRxH,pumpswap,1790793837,0.000003133,3048.96,2872,2872,0,0,12.29,209.37,0,0,0,0,0,3,4,16,,,2.42,1.02,0,1,1,1,,,,,,,,,,,
1790934647,Gn3dnAX64jn7ftjG9FshEwb5BAy15CKsK2CEpt3Dpump,Kimi,AR9iJE4ZD83spKbx35sSU7NksoMvDxKaQ7M4XhihuNSf,pumpswap,1790777217,0.000002801,2758.86,2475,2475,0,0,11.75,29.17,0,0,0,0,0,1,0,3,,,1.59,1.21,0,1,1,1,,,,,,,,,,,
1790934647,RuDKzjxqfv3Tq3X6dqSX1JrphXxXV3xntwPNdFrdDvE,HERO,642EHMvBRtryZZs11kC2RkbR6nF7BrYEm5EuszsGy3Go,pumpswap,1790775144,0.000008320,6352.24,7854,7854,0,125.96,2124.07,27561.45,0,0,5,7,40,42,319,324,,-2.42,6.21,-65.5,0,0,2,1,,,,,,,,,,,
1790934646,FSCgxyQNdw3KfZpN2nLNzoWepDqU6GrFLGVQBmYNpump,NEWPR,BYZfHs4M6grXDSfi5bxXay8Mj7LTnA3XsPSRkWws5Z2b,pumpfun,1790721053,0.00002138,,21384.83,21384.83,0,0,3.78,21.74,0,0,0,0,0,1,0,2,,,2.91,2.91,0,0,0,1,,,,,,,,,,,
1790934647,HxhDdpS5MBVZNiYd87na6EWFPkwcXGnGZM2KtELnpump,e/NPC,7kkTQYsxo6vwEhWb1mr6ix6SdRQQ3ytqSynuN7Dzey8b,pumpswap,1790775652,0.000002367,2539.83,2297,2297,0,0,0,12.95,0,0,0,0,0,0,1,4,,,,-0.11,0,0,0,1,,,,,,,,,,,
1790934643,4BZ8LdoevaanYBxEZivsSiHv9Jx1zjABijKPzwDWupLA,JADOODOO,Gc8C4nst9kmY5CncCBq89TLE6PuuXDVAMibeF9hjb2rg,pumpswap,1790782975,0.00001100,7695.04,10335,10335,0,550.86,12602.95,105414.12,0,0,7,9,80,104,831,786,,-4.63,-37.77,-71.72,0,1,1,1,,,,,,,,,,,
1790934645,8zWcEgUZvQKcHgtUoYTnaC6AHX7FmtWVV9WeM4kPuXMR,COVERT,HqAcDG5dGaWX7PRLobb8zRMVnAE2KH5Co2Tg62jBirr7,raydium,1790719987,0.00003487,16876.71,34878,34878,0,1076.75,2633.96,64643,0,0,9,17,33,35,541,504,,-13.26,-7.26,-70.85,0,1,1,1,CPMM,,,,,,,,,,
1790934648,wTv7FZouuPtAab3i5sYH8xwaZrvxahG6zrirwW8dare,DARECAT,6Mm1b4gwWQKAG31b3zwcfM4anr8eJp7ABVk4qRTQJL1A,raydium,1790779952,0.00001547,13189.27,15475,15475,0,3.03,9282.58,184638.97,0,0,0,3,63,68,731,749,,-0.09,39.37,-48.21,0,1,0,1,CPMM,,,,,,,,,,
1790934646,FdSN93wCqp6rTuUpyAiCwXXuV2FjMCJTibBT8JLUpump,$GOVOS,Q3qw6H4hPv8xDsX6k5afuPaZi1MUtncCHGWdcAn3L1h,pumpswap,1790783364,0.000002424,2567.56,2348,2348,0,0,0,0.06,0,0,0,0,0,0,0,3,,,,0.89,0,1,1,1,,,,,,,,,,,
1790934646,DaBi5ZdRJSgZPu3qKe36zFRhpsnFexgKbL6CWx4gpump,SI,CEvLLoU54KuP115xWWXqesvayxTXVX899TXTXEtqhqJY,pumpswap,1790782937,0.000002307,2463.91,2263,2263,0,0,0,0.05,0,0,0,0,0,0,0,3,,,,-0.3,0,1,1,1,,,,,,,,,,,
1790934644,6ZEaWsvHJ5qeXgaDodZGvPZj3Nxs9ErCt2NkYYt1LFPv,PeaqX,C2qfTYrZ8C8wtQkACigdoEpuzbBwWU1xzEbVbrYkDYTo,raydium,1790734558,0.0001904,39119.09,184609,184609,285.47,5020.13,19802.17,100890.31,4,5,29,20,132,84,558,424,0.04,15.64,37.99,61.71,0,1,2,1,CPMM,,,,,,,,,,
1790934647,H4r1pbLaDK7bsJLinP32fYqFBBP6CKJPDdEN9kWJk2MV,Private,92yWnKKTzE2Ku8e3ehnSo5Lu6aufXE7dpHpicEWNToyy,pumpswap,1790790931,0.000009804,7861.72,9204,9204,0,731.75,1366.67,81053.49,0,0,7,0,12,9,436,453,,36.44,27.49,-85.56,0,0,2,1,,,,,,,,,,,
1790934642,2RgFFwoaoV7hnvaVXAHDPiBPG7KvJJsff5wNDH2opump,FN,CacSVyT5o2j3WKZvFJ4977vzbUDKq8wf6Sh86wvC8yJu,pumpswap,1790790368,0.000002671,2635.74,2392,2392,0,0,0,4.8,0,0,0,0,0,0,0,2,,,,-0.82,0,1,1,1,,,,,,,,,,,
1790934646,FACvJMFBWQ1GYm9dgZ7XHvs85V1EcK2SqHf534kspump,ZYROX,DA5uVLo9YU7wrS8ehuu61ujQkRzGGXSQ2oGdZRn861yg,pumpswap,1790788686,0.000003663,3662.58,3615,3615,0,91.98,94.94,399.52,0,0,1,0,2,4,16,54,,3.86,5.81,-6.7,0,0,2,1,,,,,,,,,,,
1790934646,EbHLDHnVB8cUTitL6X6eRVZM2E2kYAz6Wy7qRHu4pump,SC,9uaMyC8LYrNjEDUV9hfWxDcM45wvf9NpiX4V5tfYet7,pumpswap,1790871154,0.000003168,3070.58,3017,3017,0,4.22,58.76,16922.02,0,0,0,3,2,10,241,308,,-0.23,-2.93,-93.33,0,0,2,1,,,,,,,,,,,
1790934646,Ca5RnSFTTCrJ4khNnPAWVvozytYhHUg8PXnzdsnxoP95,zilli,EUqKY6xx9EFexL8mpZEQbxXCnFd6D8mXhgkMhvukwvKm,raydium,1790770303,0.000005472,6905.03,5472,5472,0,0,82.57,16235.18,0,0,0,0,0,4,151,132,,,-1.44,-6.92,0,1,1,1,CPMM,,,,,,,,,,
1790934645,BrLhG5DpphFZHE5hhhjY2iZ4HFAfu7e2dXB2h1Czuvba,gs,81vrem5VTEKFDKrYFS9Z54EBXjJvQbgAibz6RZigohWi,pumpswap,1790789368,0.000006201,5553.67,6075,6075,0,276.6,485.72,7045.49,0,0,2,3,3,12,78,127,,13.78,4.7,-59.02,0,0,1,1,,,,,,,,,,,
1790934645,C5LjFTBeszZEZsQfgwawF4rzdupygG48ATcaj5zcvom7,UI,DzfnubcByqUwVQmVdxeZtdVwN6PNcacoKZVbyobUmRpg,pumpswap,1790792596,0.000003064,2988.97,2707,2707,0,0,13.38,88.21,0,0,0,0,0,2,1,17,,,-0.31,-4.86,0,1,1,1,,,,,,,,,,,
1790934644,5TBCibHHUqAgwsYNACGKrjAH2FQxEzFCiXyBaWpHpump,fam,AWKJYHcS5xTCq871s8YKmea4tDswkMSRzGcXpNQGXc37,pumpswap,1790792487,0.000002548,2567.61,2423,2423,0,0,4.04,23.89,0,0,0,0,1,1,1,6,,,3.13,3.02,0,1,1,1,,,,,,,,,,,
1790934645,BHFHzyjNrkf3brSktJSv5nqfS3CLVTueZSqGf8mbpump,CA,FqegzzBsTiUr93vSD5BdoJGuSmrR469FWuKzS8ftjcPT,pumpswap,1790791994,0.000004511,4465.98,4412,4412,0,23.5,713.5,1681.29,0,0,0,2,12,18,67,69,,-2.01,13.65,26.7,0,1,1,1,,,,,,,,,,,
1790934647,VSoFduVq3HP7iYZ9H1EruWpdwfGpTcURPwgGwyCS48f,VSOF,ASw2apjb4EvS7zxq1BGtX9wXBBMYqUr5PHEfooq4EfcE,meteora,1790781290,0.007269,142679.1,7269400,7269400,0,203.41,6656.02,15293.32,0,0,6,2,67,28,195,74,,0.08,0.4,1.57,0,1,1,1,DYN2,,,,,,,,,,
1790934644,6XNdGz7yPugz4ZcWyBssFMkBZ91KmyDeqtjapUJ2pump,art,DUBqksNtrzKiyAQ3rH5MnMkAFz6n9rxFZSt663QMZ9U6,pumpswap,1790790523,0.000002732,2701.41,2587,2587,0,0.63,0.81,737.36,0,0,0,1,0,2,2,24,,-1.32,3.16,-36.56,0,2,1,1,,,,,,,,,,,
1790934646,EsT61WMFMja6vJYPnXJHv4s9SeEic3bUABrbADPGMRUN,UHI,DEh1SgW6UZoZQXSDxxkSFeSyJqZBdE6EuGwFpPX6xYiU,pumpswap,1790790533,0.000007856,6553.76,7640,7640,2.37,459.55,1780.32,36103.71,1,0,7,2,25,18,389,385,1,15.91,24.01,-73.74,0,1,1,1,,,,,,,,,,,
1790934642,39L7idC9SzhzqyACeWBUpCHPXw3PTZ453tfD6pv2pump,ZERO,8Jp29ACdnxEVvtu31GhhXaiFzY9uh5LtYYyBGMq2hzBr,pumpswap,1790791080,0.000003172,3173.67,3099,3099,0,0,0,0.27,0,0,0,0,0,0,0,2,,,,-1.1,0,1,1,1,,,,,,,,,,,
1790934646,DREWigSAqGZ8m8firMRmfU5scjEY5PpjZpwg5eGJpump,POCKET,8YC5hke16CTkaPSob4dVvbF6rQGNVV4SvFm6Wb4SmLu9,pumpswap,1790788593,0.000002401,2395.16,2298,2298,0,0,0,8.2,0,0,0,0,0,0,0,4,,,,0.15,0,1,1,1,,,,,,,,,,,
1790934645,AcFUJafmvXUtGXahDiQr4WH1Qoi3q8ER8GBefEhZpump,SI,39YL773oibKssSfv6SCVHU2Fg9yggTJEg8fFTsWY2Q3k,pumpswap,1790792994,0.000002978,2921.44,2523,2523,0,0,0,1.77,0,0,0,0,0,0,0,2,,,,-0.56,0,1,1,1,,,,,,,,,,,
1790934644,6LZ4RXi7N6tRxrYrDZw8HxAvDQVgPmh9LWAP7ettpump,SUPERFONE,BVLDDschEmYXjrEx1YVo4zSwdQCC8LcxFGV6ZYmEu6wF,pumpswap,1790791697,0.000002834,3119.72,2737,2737,0,0.15,0.15,191.26,0,0,0,1,0,1,6,13,,2.65,2.65,1.01,0,0,0,1,,,,,,,,,,,
1790934645,9JqyeFKSS4YzzASaZ3wRVe9WMNxDJXF2QEWySeDipump,SUPERVRAX,4e7sBuKjhVwvLehx5EFLDM2FWZvujKUqfwenB9dPuWDU,pumpswap,1790792038,0.000002399,2540.02,2333,2333,0,0,0,8.07,0,0,0,0,0,0,1,4,,,,2.27,0,0,0,1,,,,,,,,,,,
1790934643,3euDZvSc2aB3pJeFzF8vQBrt5Y8wNmhzn92Yb2RavugK,.si,6TMYeSTF7mCPXoWMWuXQWJs6wyiP8oNNK6yuWF962Gem,pumpswap,1790806165,0.000003039,3138.22,2929,2929,0,0,157.57,7824.51,0,0,0,0,1,6,80,126,,,-9.21,-24.33,0,0,1,1,,,,,,,,,,,
1790934645,9jAVyE3sTnVoWXLK4eorcU7uV6zhh5Q9WapdcstAYtas,GENESIS,GntVxwXdqX35325f8M95SxxZMF7vzgt9wFMrH8SmdMrr,pumpswap,1790805945,0.00003501,15313.65,33744,33744,0,502.21,2150.59,11446.56,0,0,15,3,38,15,115,113,,6.18,21.12,-19.72,0,1,1,1,,,,,,,,,,,
1790934647,HiKS1Czq9x16ALXL7bHMirHBzT2MwkeuNojZHoikUqwu,アイヌ,HgQdjZhuMdCL6D7D9diitoAyDSvwHxVBk21FwAgfAtPr,pumpswap,1790806038,0.00001280,8587.88,12356,12356,0.27,135.98,3542.68,69149.25,0,1,0,5,42,51,976,674,-0.33,-7.48,-26.66,10.42,0,0,1,1,,,,,,,,,,,
1790934646,EiARYxXzxwS8ZyYhXx3WDtB9K1XPpc8628g4hy3rbkVH,JINJI,CLS2JA1oSQr42Zqc2hbmuVMSjF7re9Xv4AX4kkVBdoV7,raydium,1790801521,0.000004902,6850.03,4902,4902,0,0,32.59,7265.3,0,0,0,0,2,2,37,82,,,2.9,-71.98,0,1,1,1,CPMM,,,,,,,,,,
1790934642,2QHXWq5TK64JbMptwMBP1BsfhrxZRRv9JsLa17X7pump,SAW,B7XU9FYpuKgjEhM5HwyR9qAHXL3Juyz3CcgPuuiAbKki,pumpswap,1790787841,0.00001643,10489.62,15879,15879,0,35.76,5264.49,289455.68,0,0,1,9,48,89,1682,2019,,-0.9,-20.96,-92.86,0,1,1,1,,,,,,,,,,,
1790934646,EmLPFwLkzaPdT548oKXT9CMh9bSB9Ez93fBgmmoapump,.si,2bnXboTryEGBAH8C9FNERm4bfD5RKnJLtMZzJFn23uRe,pumpswap,1790805275,0.000008893,7843.15,8635,8635,0,170.9,1609.4,97349.9,0,0,1,7,31,57,979,1072,,-2.88,-3.99,-75.09,0,1,1,1,,,,,,,,,,,
1790934647,GacgmKkuqxLfL7qox6YMeP7SWHdC1ayMsLUJcuKB5huf,KARDASHEV,ADUJ4UgHrMqMhsGEE8bSHaEomGAHuKpDFtzmhcxrpHX7,pumpswap,1790433659,0.00006129,22810.76,60167,60167,137.91,163.78,2658.05,36305.43,2,0,3,1,24,16,296,209,1.06,3.58,-4.84,1.22,0,1,1,1,,,,,,,,,,,
1790934647,HXm1NDNiag86JCSk3bQ2b4ctYtvUkY9JH3r3aNCzpump,f/acc,55EJC6K4WY2wD4rWGwXAxHSfJf3T5YdZLHepfnFsCGLH,pumpswap,1790806585,0.000002475,2632.92,2407,2407,0,0,0,12.52,0,0,0,0,0,0,2,8,,,,3.52,0,0,0,1,,,,,,,,,,,
1790934647,GPuN3s5PZTPcQV7cykNaTyX9cVesPSyz7111nsNKu4cv,CSFUN,8ZUTVDzf85jCqArY1CNuryok21daNe1xE6X4Anp6paLN,meteora,1790806714,0.00001391,11844.25,13853,13853,0,60.64,2339.81,87308.54,0,0,3,6,32,47,965,766,,-3.77,3.45,-85.8,0,1,1,1,DYN2,,,,,,,,,,
1790934645,AzDHbuhbJfUaX7tzcHXFjgk8EvSdUmWMEsr588fVpump,FI,6ryFML9TK2Gf9y1DD536VE6nSG6wBn1xoiX8mbNU5EM6,pumpswap,1790819541,0.000004351,4086.05,4194,4194,0,1.5,19.98,1202.49,0,0,0,1,4,6,112,102,,-0.74,-0.46,-2.68,0,0,1,1,,,,,,,,,,,
1790934643,3MQLR69vhsFi86MJ5Lf4jsUT2SdcTpdrPixTqGeFhvE6,elephant,7UFq7aLYp7yLQ6oPbz3UWKMG32NC4Pwm91vtWHcu4gxq,pumpswap,1790820219,0.000003621,3567.77,3534,3534,0,3.62,548.15,17992.69,0,0,0,1,1,13,176,222,,-1.25,-26.34,-50.19,0,0,1,1,,,,,,,,,,,
1790934643,4ByRNjKEQbtexsJie54vCdPnSuSWibWHn49dAXmcpump,GND,HMbMsCJ1JBjhmqdbSbQvopXm3WkCpsAvJZNycrgEy8mf,pumpswap,1790819890,0.00001354,8862.51,12499,12499,0,52.46,7295.96,120369.19,0,0,0,2,73,95,981,1037,,-3.56,6.75,-63.83,0,0,2,1,,,,,,,,,,,
1790934643,4vEX32B4LLr2hL4tzdgz724rSYXGccAGT8MRSUaNpump,DEGEN,8vyH9f4CyuK1kEZoRnTwKiFh1zDubrGMBNhSUSnmLQQa,pumpswap,1790820459,0.00001870,11394.53,18475,18475,0,13.67,1378.47,452728.77,0,0,2,0,31,29,3230,2593,,1.19,5.89,-97.16,0,1,3,1,,,,,,,,,,,
1790934646,FBMtDdrUASCsGyAg9iKG8oCJASTyv67UGzES7sBKpump,TRUMPCARD,GQ5zJqVjLsH5QVjzssbp2GLgqbVH41GeP7Pj3PE1MTcc,pumpswap,1790820800,0.000002280,2395.83,2237,2237,0,0,0,2.29,0,0,0,0,0,0,1,1,,,,-0.68,0,1,1,1,,,,,,,,,,,
1790934645,9GW1GMaVeV41yiYYzfgQdnEf8ocGFenX8AsgvhWEARLY,EARLY,Em9Ru5DrybRSZL161CtKVSCF7tEwUyJ5GaWpgTFGiBPS,pumpswap,1790827778,0.000008152,6311.72,7729,7729,11.97,414.3,18707.47,40447.56,1,0,10,7,192,166,517,568,0.34,-10.48,15.73,-76.48,10,1,1,1,,,,,,,,,,,
1790934647,HpsfKJnkBu53mxLGUCdr4PiTodXouZiVvZD5AoRWdHkY,snowball,FivAjNRmjWeDdepuTJbqjgwfsDsg1LZSj7q3soLbW2gv,pumpswap,1790827656,0.000005164,4597.23,4711,4711,0,0,60.55,5120.81,0,0,0,0,1,5,38,100,,,-1.69,-24.43,0,0,1,1,,,,,,,,,,,
1790934647,Fq7wzJ9S6TRm7NrPGEwWKmQPqdF8K1g5uTp9DGFcpump,FORREST,ErgojZ4yKHxJkVgQqWEbPAbt7NHctL5a3oLyP1iTin8Y,pumpswap,1790827477,0.000006829,5633.4,6505,6505,7.16,20.2,1590.01,21678.65,0,2,1,6,28,29,277,322,3.31,-1.79,-8.8,-66.94,0,0,1,1,,,,,,,,,,,
1790934645,B14c2LGWBmkUo3gPsKqPYqGheK6GkZEda98th9Hhpump,TFM,G3iHAfW3jqPqtTzJZ6nuaPfUPj932joN3SdBmq31uGEM,pumpswap,1790827949,0.000002851,3034.71,2588,2588,0,0,20.05,20.94,0,0,0,1,1,2,1,5,,0.03,2.83,3.06,0,0,0,1,,,,,,,,,,,
1790934644,7MuvW6G2pDTGSjzpjqeDYigUsXqqd6TmEzLgvRRopump,USDF,Aqp9EKhgp1U35UsBDaYgLpgnVZUyeZLsHFXfzKw3cYE9,pumpswap,1790731802,0.0008150,81816.4,770922,770922,0,673.11,4609.61,37134.83,0,0,3,3,26,30,207,156,,-0.42,0.22,5.86,0,0,0,1,,,,,,,,,,,
1790934644,7pVEFrJMainpMkF1MqPoDSojoiSyE8pmy7wYJCyrpump,SuperBonk,6jDcBPQpBfpLmTPcNSqBxiuFu1pikUEYz7T8wKkNqPwk,pumpswap,1790835528,0.000002181,2213.62,2174,2174,0,8.8,8.8,18.61,0,0,0,1,0,1,2,1,,1.64,1.64,2.11,0,0,0,1,,,,,,,,,,,
1790934646,FCAT9HHQ3SgHS3XBcVywkstqEsdPhRxFbMadiJQwpump,STARBUCKS,Ep6tAYD1Ek4KgJguHoyQUxwyk6HvU1ikyMHEaiDNZhhU,pumpswap,1790835343,0.000002172,2211.69,2163,2163,0,0,1.11,1.11,0,0,0,0,0,1,0,1,,,,,0,0,0,1,,,,,,,,,,,
1790934645,9brMhJW8BwhRFrVJg6BfgZ7VDRSjSKGC2E8Z5qBZpump,Ajax,D3iX1DMUeafiXktEQSUC1E9ykxdn4BhjDkfGVc96LzKg,pumpswap,1790835897,0.000002123,2142.55,2111,2111,0,0,0,1.2,0,0,0,0,0,0,1,1,,,,1.34,0,0,0,1,,,,,,,,,,,
1790934642,2B2jRuauv1W3f3g1wRgjoZ9eZWfeiCcBfNZZ97Twpump,Hachiko,A2pQUkGJsuxSySb5uRLTTwJ3ygNDwxKXucKpMu6iUirF,pumpswap,1790849612,0.000003657,3467.33,3408,3408,0,0,234.19,81031.37,0,0,0,0,0,8,1237,1203,,,-9.25,-92.3,0,1,1,1,,,,,,,,,,,
1790934644,6qo1HvgEmoC7tKkMbCgXDrpajhcXmhnm8UdgTnWtxYER,Mosquito,Ha89ENZWxf5NNqtHwvq6r7akv7XAXqXqg9EBGjn5PfGi,meteoradbc,1790848205,0.00004589,,45894.98,45894.98,0,0,0,7819.44,0,0,0,0,0,0,165,228,,,,24.33,0,0,0,1,,,,,,,,,,,
1790934644,7Aq7xa3ZUkeFHTYrkN6FEsCuVBDtYFMkkWmmBFEVbZ6T,Breastinu,EP6tXQQYvGy7s7QiLe7yng2ZN6kzbWqBnmvDWPcpMGA,meteora,1790848232,0.0000000007820,1.33,1,1,0,0,0,3576.15,0,0,0,0,0,0,135,164,,,,-100,0,0,0,1,DYN2,,,,,,,,,,
1790934644,6azyQTPtNMeJwGNJPe3s63xc7zLYRpe8btq9S3U2aPk9,Mosquito,TXLruGJLXoYP9iPdaWvKWf7rQ3E9j9mA6pQPwUQuCTU,meteora,1790848193,0.0000000006447,1.09,1,1,0,0,0,0.06,0,0,0,0,0,0,0,5,,,,-18.28,0,0,0,1,DYN2,,,,,,,,,,
1790934645,AdRQeBWbEHTC4NfvW5qveUke6NFGR42dm6iM62vZnZ2Y,POTUS,6GRJWHbmBohzErZ8ku4e17Bs1WweupN7L4dZxQfrcSAa,meteoradbc,1790848185,0.00004158,,41584.83,41584.83,0,0,0,7238.4,0,0,0,0,0,0,254,311,,,,45,0,0,0,1,,,,,,,,,,,
1790934645,AqqgCm5VGGKgawqgny48wagurYRvmBSNV2ARueVkP2k6,POTUS,BAninMCt1mK2fvtFSBNcEn4rxHhjEnAJA4sTFHLZXaLh,meteora,1790848152,0.0000000006309,1.08,1,1,0,0,0,0.05,0,0,0,0,0,0,0,4,,,,-15.7,0,0,0,1,DYN2,,,,,,,,,,
1790934643,4KsnmFkmd8deRhByuMHBzo8GTaRaHwszCvsTFUnopump,POTUS,7Kyci4un2Vif8wyXrYeJCQV3AHPVEZjsw3sKtX5bmU9T,pumpswap,1790847556,0.000002144,2182.37,2129,2129,0,0,0,37665.64,0,0,0,0,0,0,1443,3534,,,,-98.14,0,0,0,1,,,,,,,,,,,
1790934646,ESPGStyk6og7RZqaECrbFMuAynKPgRKVKKA2qZJTpump,Nike,H1EmJTQmpNicKsyfsLHZrqSGosP6WPqS44fjoR8Pj9dg,pumpswap,1790847930,0.000002120,2146.11,2111,2111,0,0,0,103564.01,0,0,0,0,0,0,723,2797,,,,-99.6,0,0,0,1,,,,,,,,,,,
1790934642,2SVkGBPF3f7zfp7v7SiSf6PSnN6DEKbCDbSo7QNkpump,Mosquito,3Mneri3xJb4d8tA3AvAz8CMaT3B67bQT8w4mRVRUbWKQ,pumpswap,1790848043,0.000003212,3184.58,3128,3128,0,9.5,449.87,265714.83,0,0,0,2,5,21,3447,3113,,-0.55,-11.31,-95.76,0,1,1,1,,,,,,,,,,,
1790934646,E5A2cdJxPm75FMeUeTSdCwwYFgJ486A6n5MpPM8tpump,CHRISTA,Fgm8pFFWkoZJ1DwEaJGptEJtBMVPyvWFxhj8kXq2fCwY,pumpswap,1790826074,0.00001403,8889.96,12716,12716,0,2534.38,7200.05,128801.92,0,0,39,19,89,89,1487,1209,,30.69,20.18,-49.12,0,1,1,1,,,,,,,,,,,
1790934644,6VB1ATPfUcTagsND5Xh2MaiEf23PZrBZTXihdbxGpaDj,AI,FDbktpFVwSe59SvyZtBBi1jPjpb1eJpV69uAJQoQ4Ve3,meteoradbc,1790855270,0.00006511,,65111.34,65111.34,0,0,0,13667.91,0,0,0,0,0,0,286,389,,,,396,0,0,0,1,,,,,,,,,,,
1790934643,39cfYbL3zUvdD7U1B4hxmS1yHBdbpYVrShK4jcrDLFCN,SI,6wi2jSefbTjBGgEQanhRBL4USesUEXRXzNPN7kX5Gqq3,meteoradbc,1790855258,0.00004445,,44450.41,44450.41,0,0,0,10037.81,0,0,0,0,0,0,288,342,,,,189,0,0,0,1,,,,,,,,,,,
1790934646,DW4QoRhK4tTSETAFcnyBuy4qxoEXfBpDueMfG9Rjpump,SI,GZGYzuo99VJuDecmGPX4Voz9mNDfpPBxjSwcwMkq22nz,pumpswap,1790855132,0.000002107,2116.23,2090,2090,0,0,0,46010.4,0,0,0,0,0,0,6501,5700,,,,-95.7,0,0,0,1,,,,,,,,,,,
1790934644,7r1v5rZcGnyzVs1jei7FeMEiZVf4GhQgLYXjZHmMUDGQ,HOURS,JBSLbA734jVJKaHKC8LFxSqM9ugx4EnghteDQtohR8PH,meteoradbc,1790768546,0.00005740,,57400.66,57400.66,0,0,0,45994.06,0,0,0,0,0,0,457,197,,,,1275,0,1,1,1,,,,,,,,,,,
1790934644,7smQ2rhwG73tPtaiKyoWoeywQBXYG2MUNEofvApRpump,AI,DjriNCwhHC5ikYBuoC4BLekB1qDYTNtmmzEr8WCLviiD,pumpswap,1790855187,0.000002356,2452.32,2288,2288,0,0,0,304982.61,0,0,0,0,0,0,2805,1881,,,,-95.19,0,0,0,1,,,,,,,,,,,
1790934644,5jKGM8XJwAKZYYMe9cAuKCP1N7Ns9ZNr1WvyeWrCo4N6,HOURS,CENDizCgG2AgjLU85Yfyy7jVs2KQFwt6Tow4ZYb7Y2JP,meteoradbc,1790855051,0.00004749,,47496.19,47496.19,0,0,0,7308.15,0,0,0,0,0,0,163,169,,,,208,0,0,0,1,,,,,,,,,,,
1790934643,3dAKMTgApxCkfHL5prvBcry8WZdHTJ4fU3tQ6G18pump,TikTok,8JdG8BmjgUFYSUrGDoMURovHov4vda5SWSckUepMLYYb,pumpswap,1790854346,0.000002130,2152.78,2120,2120,0,0,0,110454.25,0,0,0,0,0,0,7008,8600,,,,-95.65,0,0,0,1,,,,,,,,,,,
1790934645,BCCeoXP634kjDwSo1bQEZLdJg1Cz4D8WUZhQyVvtsVsW,McDonald's,CWdBAo7kXfBJg7SSESidFKLmNvoToKQyMReqpT3492zi,pumpswap,1790855174,0.000002114,2126.69,2114,2114,0,0,0,57396.19,0,0,0,0,0,0,5350,5158,,,,-95.68,0,0,0,1,,,,,,,,,,,
1790934647,Gd28K8mXV6AsDyjpHnREdC6zetL3XVrLY2yk1urZpump,CATANA,9xVi3514hnzQa8VCq3VfLeRqsyqd3havAu1efdnLxNoB,pumpswap,1790887562,0.00001284,8660.69,12425,12425,0,2153.65,10757.78,473652.27,0,0,29,46,162,235,4818,4208,,-1.28,-36.18,-73.76,0,0,2,1,,1790934725,0,1,17,28,84,159,1836,1829,100.0
1790934644,5Heq1xjFjuNBuAEAEhbUChgM2Q6AaTTNmVEDVqEpump,PUSH,37CjrMg4BhTnP8rBs4bTEphrUn4da2EK8q3RSYJvC3ZB,pumpswap,1790862223,0.000002810,2942.73,2743,2743,0,0.45,23.08,710268.2,0,0,0,1,0,5,14160,7087,,-0.2,-0.3,-94.25,0,1,1,1,,1790934725,0,0,0,2,0,5,1410,1370,100.0
1790934645,9wc2gqjJXp3wEi2gQQu22i5BYy3fetgvaLCEN2CJWB3h,wifween,CvxAM9FfK7fKB1kQfMqYqu1yreW4DN6qg3mjwif6Lv3c,pumpswap,1790861151,0.000002519,2524.62,2433,2433,0,2.04,16.42,55787.3,0,0,1,0,3,2,776,936,,0.76,2.48,-94.85,100,1,1,1,,1790934725,0,0,1,0,3,2,647,743,
1790934646,FEVYjz1uqrGxF5gUfbAb7hHUTGFv7hycLWywsanJtLhm,Jane,BZXt8t6r99tQDjHMEfcGaWA5hxD4b3D53S1eehonGS5g,pumpswap,1790860957,0.000005843,5417.76,5660,5660,0,340.4,793.66,1190072.59,0,0,6,5,10,22,8599,8015,,6.21,-5.66,-88,0,1,1,1,,1790934725,0,0,6,5,9,20,2863,2725,100.0
1790934644,7oSHke1WHxVm5ZbvAKj2CcaDFhLSya6hXUc6h4FLkSXN,Jane,3MzKMy4VYtzvmJdFuuvySBC6h6R4mJwKU8QsiYg1yGrE,meteoradbc,1790862591,0.00005266,,52669.33,52669.33,0,0,0,4667.78,0,0,0,0,0,0,82,70,,,,4.82,0,0,0,1,,1790934725,0,0,0,0,0,0,55,44,
1790934643,3gpxyeGkJfpeRsZ8cpeCy2YRLe4WsHxL72xkQi3Xpump,e/sol,AMkNuhEFZf26et1Dn9ihxS5YnvDrjXMAWXpwSEDZVfU,pumpswap,1790862164,0.000002541,2771.82,2469,2469,0,0.09,8.71,725434.04,0,0,0,2,0,5,2985,2706,,-0.2,0.71,-94.8,0,0,0,1,,1790934725,0,0,0,2,0,4,1023,1004,
1790934646,F1VtkdWYW4tzgSicYmNM1EeKsDpw1zEQ1VfiN6TKpump,LEGO,CC5Jpgykkkq9zKqwVwgwbFgUjiG23GzGNjGkJfbYdzLg,pumpswap,1790861426,0.000002117,2150.77,2109,2109,0,0,0,179221.95,0,0,0,0,0,0,20103,20926,,,,-95.64,0,0,0,1,,1790934725,0,0,0,0,0,0,563,2245,100.0
1790934643,4xT1TtLEsH4sRhJhEFuK6sY9cE1iuXwF6hCHzQwopump,MICRODOG,5PqSPKmw6RmvVy5SHG64Y4L3EfMKqJFQMUzUeGR1uQyx,pumpswap,1790861855,0.000002213,2304.6,2179,2179,0,0,0,359446.72,0,0,0,0,0,0,3472,3255,,,,-97.4,0,1,1,1,,1790934725,0,0,0,0,0,0,2788,2780,100.0
1790934647,Hp6sX5xLpCLWC85pBXU6Kj2uSrc2fkW2sYY8o4Ypevt1,BMW,9ezZTW9bSdAfq2NbigNXGLBRwEAZycPdp2Dh6qeTxrHv,pumpswap,1790860011,0.000003181,3214.5,3166,3166,0,0,0,241924.64,0,0,0,0,0,0,28631,22215,,,,-93.45,0,0,0,1,,,,,,,,,,,
1790934644,6YpaCBKZNTMbM1HRMby9ACsc9xq7muXxfzWdKiqApump,P2P,7qSRMYumCTW4cRSvkEQi59p18G9AAS85K1tdvfg3rvSo,pumpfun,1790861091,0.00004812,,48126.39,48126.39,0,0,0,9956.67,0,0,0,0,0,0,8,0,,,,1365,0,0,0,1,,,,,,,,,,,
1790934646,EZRJVAufJxACchLNhhWTgfVER4XaXWBcQ9BgZHxDJ1ir,Mr Beast,DqpMLAZpvdn1XJTGR2mnqP2yYhpWx7gPkwtj7RpkCn2U,pumpswap,1790862316,0.000002137,2162.65,2118,2118,0,0,0,154721.25,0,0,0,0,0,0,15278,13855,,,,-95.63,0,0,0,1,,,,,,,,,,,
1790934646,EdBGYHVib6iXkBxUdB5uzUKHwXYruKKEkwt69BU6pump,CODE,7PxVThJvYsH1nbsVvRajp2N9aej6iwHCQYA2RKWwVsx4,pumpswap,1790869323,0.000002739,2722.42,2544,2544,0,0,6.69,169878.79,0,0,0,0,1,3,2400,1949,,,0.23,-94.44,0,1,1,1,,1790934725,0,0,0,0,1,4,881,982,100.0
1790934643,3FcmxeuaDPNX5JsRD1VS769ijvCE1QWRXyqsioMNpump,JANE,3Z2hA6bWTLd8uBATbFPV4QgbvWeBhG9NQFjZznj7eKgw,pumpswap,1790867125,0.000002542,2763.39,2504,2504,0,0,1.09,957809.93,0,0,0,0,2,2,15818,8886,,,1.18,-97.12,0,1,1,1,,1790934725,0,0,0,0,3,2,7312,7298,100.0
1790934643,4xuFyji3GZWqyMXexo87fWGtKvnWREEP7cPkMywrpump,MRSOL,2SWniajKaw3Qmx7BRgde6mVjw7zEzmaUkousXgPEk4Xj,pumpswap,1790867917,0.000002327,2325.71,2236,2236,0,0,4945.81,15145.69,0,0,0,0,0,65,74,199,,,-90.05,-95.11,0,0,2,1,,1790934725,0,0,0,0,0,63,66,148,100.0
1790934644,5188hYRf2saZt9PhLD6exKL4MCQquRmw9SGaBak6pump,1,2DpuypEtKm7pFg2gcD3Govw4QLPVsNUkj7K9A4HdcUyj,pumpswap,1790868898,0.00002065,11997.53,19699,19699,0,239.79,3274.16,131162.98,0,0,4,4,42,42,1334,897,,-3.47,3.25,-60.98,0,0,0,1,,1790934725,,,,,,,,,100.0
1790934643,4ZjwdUJTNt5Mbjw95cG4TtoaVPZE64xdDaQ9zdyJNMnS,BLAST,CeJarR1mZJcWGRTgSizuNKaMXgWtYPy9QNLTXW7UiMiw,pumpswap,1790868324,0.000003399,3408.5,3074,3074,0,0.92,5.64,91234.61,0,0,0,1,0,3,764,673,,-3.25,0.67,-93.9,0,1,1,1,,1790934725,,,,,,,,,100.0
1790934643,3s7HNAvfm7sHCnrLQczFP8UBbgM8mpPoyKCWHvvRcJFG,NEEGY,EtXMLufEhTSE3z6g9Pj42px61rdsNjX8EvMAwoSoNyH8,raydium,1790869767,0.000002635,4738.56,2636,2636,0,27.94,56.76,135513.64,0,0,0,3,3,5,1520,1514,,-2.39,-0.25,-94.49,0,0,0,1,CPMM,1790934725,0,0,0,3,2,5,803,907,100.0
1790934644,7bNAdLF4xN7Q8srBsSQ78ZggvbbzMvXtcVQ4woH3pump,$QRCAT,CxRq8VvNsb7FwPvC676ZdM49tKWBfvmfrimyKBPzFZ9s,pumpswap,1790869720,0.000002271,2342.16,2211,2211,0,0,0,244797.42,0,0,0,0,0,0,3236,1591,,,,-95.3,0,0,0,1,,1790934725,0,0,0,0,0,0,913,894,100.0
1790934646,FbGfMBy1MwpQMZfVPrMPcSw3gu5spumtSsisS8M1FSKu,PISSCOIN,65kdjTaqravAgXWXe79NdfZ13Y71z4AFhyc3WU5o7Qey,raydium,1790869671,0.00003603,18402.48,36039,36039,636.89,3282.95,13535.33,812935.1,1,2,26,13,121,122,6138,5297,12.04,47.52,-12.48,-25.22,0,0,1,1,CPMM,1790934725,1,2,23,11,90,95,2451,2360,100.0
1790934645,9K4wahMJtsGBgMPYmNBKZeaNrsmJLZhWMYDpgsKcMc8J,POKEMON,CMdhhGb4H2xEyXT99aqfLasYd9pXxQ5AcNdSNa52bS3g,pumpswap,1790868544,0.000002146,2163.4,2136,2136,0,0,0,82342.5,0,0,0,0,0,0,9065,8260,,,,-95.61,0,0,0,1,,1790934725,0,0,0,0,0,0,502,1380,100.0
1790934645,BWbxfHtvfufeXvZ1DBTR7nhQh3zcJxLwKA99rwT9pump,SOI,7m7SQ7v4JCby9mGepXPiCnjbefynhro1Asp5UAz6TfeU,pumpswap,1790869489,0.000002504,2674.88,2432,2432,0,0,0.27,536873.17,0,0,0,1,0,3,2550,2283,,-0.44,1.03,-94.83,0,0,0,1,,1790934725,0,0,0,1,0,3,877,805,100.0
1790934646,DESwuRnMHpsUfLWPrF8s6Ph9LTAVyCrMUzwhcN8kSTNK,FUSE,7zBzrNNbdQJo1ShWYtZniRJ3WyRF5YmYr4LVd8HKuXMr,raydium,1790875961,0.00008717,29537.32,87173,87173,66.3,1933.32,31429.18,1309088.63,1,1,23,23,290,227,9280,7267,0.43,-7.62,-39.27,75.52,0,1,1,1,CPMM,1790934725,1,3,18,20,148,149,2993,3307,100.0
1790934647,JD3d8mxEJ91LHZSuwVLquFAKdo5PbEeLCUevjjDsPdRe,TERRA,8KYv6Ed2Ewxf1u14ggofQXTD4FVsNKFknKBfZAhDFKE6,pumpswap,1790777131,0.0001081,29228.19,103009,103009,376.8,2585.81,27420.23,111260.43,3,0,21,23,167,135,561,677,4.76,-7.37,55.7,57.85,0,1,1,1,,1790934725,0,1,18,16,124,86,300,312,100.0
1790934643,3kaPZWNgvtudaHeZoPEhkL4SX3PBvGnY725ZDRMCmKvW,LUCKY,5pTGCESF6fT53wfuvC3UVcWmdWRRWWtqird4SA37MFDG,raydium,1790869847,0.00001134,9854.62,11350,11350,0,5.2,421.95,210917.11,0,0,1,0,5,15,1303,1560,,0.21,4.67,-76.44,0,0,1,1,CPMM,1790934725,0,0,0,1,9,4,730,674,100.0
1790934643,3eU82VZUstiyBwEy2KpTfNbmShgDxu7iJi38RiWbDhBU,MICRO,CLnLp79HpzcxoBP6p884BVZkvtXpJSoijSz8BWN4bob4,meteoradbc,1790876658,0.00005901,,59010.39,59010.39,0,0,0,3449.84,0,0,0,0,0,0,96,94,,,,32.55,0,0,0,1,,1790934725,0,0,0,0,0,0,91,80,
1790934646,CiAZkforYBuxP6BXFP6HRMt7vfGgkB7kKzu1cSkya91A,Ansemmas,Cnahkgxz2Ar8gSytTxGxceUebiPmzcbmzWWHPzoyGMiV,meteoradbc,1790876693,0.00008117,,81173.53,81173.53,0,0,0,2677.17,0,0,0,0,0,0,59,59,,,,436,0,0,0,1,,1790934725,0,0,0,0,0,0,53,55,
1790934646,FFivn1EnbiycRD3c4nAQvuD7zPyqjRqocWD8FtHcF2Sw,NYSE,ApoMjfijq5MymiGAiX91TDTzqCnVPopwDoB9YAReYwAU,meteoradbc,1790872879,0.00006837,,68379.77,68379.77,0,0,0,40236.62,0,0,0,0,0,0,209,120,,,,1257,0,0,0,1,,1790934725,0,0,0,0,0,0,76,47,
1790934644,7oWugf3UYQ2pCuXo4an6Wa7tB15EdvdvFUtq2wZpRaBw,HOOKED,7Cy2ahMTcyvAsARKKB5HiW3uwvk48GwGMLVaNGMVj2nz,fluxbeam,1790876698,0.001482,1467395.31,1482464,1482464,0,0,0,10505.18,0,0,0,0,0,0,300,0,,,,899,0,0,0,1,,1790934725,0,0,0,0,0,0,20,0,0.0
1790934645,Azff3fCQMpu1Z6zLRKDfdihnoPgZi5p7w4rJxaXsgxJ1,HOOKER,BpdDtHzg8gsvjjwy4NsFzQfKzTPqt9X8Ui2D2VxavUYg,meteoradbc,1790627097,0.00003996,,39963.03,39963.03,0,0,0,46293.15,0,0,0,0,0,0,419,239,,,,657,0,0,0,1,,1790934725,0,0,0,0,0,0,194,126,
1790934647,GESJNVvex9Z6vDyeKmCssuUoHFuaStV3ejytTMuepump,MEME,HrNjVeq6XgjVraFyrSSjZvbSZxctPQN5KHC6nPBVgAaS,pumpswap,1790876694,0.000002252,2406,2225,2225,0,0,0,679227.74,0,0,0,0,0,0,12225,5008,,,,-97.54,0,1,1,1,,1790934725,0,0,0,0,0,0,3984,3976,100.0
1790934647,GzahJ2WwEtyVvUAetrmK2zvvfhD887WtuH8hFFuh5nwn,GRIFFIN,GdwvZhNuEpv2mWARrgXtKFMLCDYZQ2aFVtRUFzXmDBHG,raydium,1790875416,0.0001370,38736.77,137036,137036,1759.09,14620.32,113544.39,2654551.03,6,9,82,63,593,536,15955,13562,13.87,8.43,23.19,181,0,1,1,1,CPMM,1790934712,2,6,60,54,326,357,5739,5229,100.0
1790934645,AaQ6XhjqrTnTWt17VHbTMdJPdWHB9Kx5UCPAZnNNpump,RINSE,97WA9HpK3j4N4y1qz37trWcdLYjH9x2KcSLRKobwkrT4,pumpswap,1790878911,0.000003848,3855.57,3702,3702,0,189.54,417.25,794998.09,0,0,3,3,7,13,7598,6655,,-0.34,0.27,-92.11,0,1,1,1,,1790934712,0,0,3,3,6,13,2955,2807,100.0
1790934648,bn6RCR2xHdASpU3cHPxs3Vz3ve9qj8PaXiKKz6oTUof,𝕏/ACC,DH9jbFEXPGgaMvUAg9xshjoLnRizYNV8tpUMw3R7c2tU,pumpswap,1790877972,0.00001669,10118.06,15690,15690,195.88,274.66,5903.61,513095.05,7,1,11,10,76,102,7294,5431,5.65,4.43,-23.56,-65.08,0,0,1,1,,1790934712,0,1,10,11,51,72,2488,2481,100.0
1790934647,GTz5rfocFdbD3eWKMu4kzTjRVjkjzZwEaS95uD3Rpump,AMD,GALE4iPEpVfjYgzGTo7BoUhujawWKuCAU6bGkX7huWUu,pumpswap,1790877025,0.000002614,2889.21,2573,2573,0,0,0.12,1624813.79,0,0,0,0,0,1,19687,11329,,,1.18,-96.96,0,1,2,1,,1790934712,0,0,0,0,1,1,6318,6246,100.0
1790934646,D9LAwbz4GZT9YhR2HzevcfNbnU2VfjGXQ1iYqYA4pump,SU,4Xri3d5WA2i1RsEvjjFuKunW1HxsiGdnViG4U5fSpwRb,pumpswap,1790876820,0.000002931,3441.02,2820,2820,0,0,2.63,1729224.3,0,0,0,1,1,4,5969,5567,,-1.34,0.85,-94.04,0,1,1,1,,1790934712,0,0,0,1,1,4,1836,1807,100.0
1790934643,4htxmiuUJw1CkkwJRAEQNYmLf29T6ZYtxhZsinTSne4W,CABAL,GUbriRjKHEXvPbTXfx7bHQjws9ZL4tjBH4TG5st92YG8,meteoradbc,1790878618,0.00003498,,34986.63,34986.63,0,0,0,11363.16,0,0,0,0,0,0,435,435,,,,79.73,0,0,0,1,,1790934712,0,0,0,0,0,0,131,119,
1790934644,63rMXjBsFQV7MmTXVvZwXLBJp4zb9ncJw3SwigmC7AtE,Nailoong,GQGYZycKhJHrPNNuJpSwg9VQuwV6X5gAgTLTHxXcsYC5,meteoradbc,1790879040,0.00005898,,58981.83,58981.83,0,0,0,7247.21,0,0,0,0,0,0,296,282,,,,35.05,0,0,0,1,,1790934712,0,0,0,0,0,0,156,150,
1790934645,9w9QkrKXV8Mn7HfyyPsG2ms7eeVcbi7ksgkDMueCdkPX,奶龙🔥,EneWxpuJETeZNfPAoJk8toMxXdt7PZUN2NMt8QFhckF1,meteoradbc,1790879137,0.00005322,,53224.88,53224.88,0,0,0,2253.35,0,0,0,0,0,0,85,71,,,,5.94,0,0,0,1,,1790934712,0,0,0,0,0,0,77,62,
1790934644,5GcDVVysp81MhtR4Xfgv6qjoZRPFqgZVM9s22kUApump,Trump.exe,6dgx7cRBDWmDsW5KfJ3XA6vED2UbbPX1PMGn6rC5xsvX,pumpfun,1790879148,0.00004865,,48656.43,48656.43,0,0,0,10066.33,0,0,0,0,0,0,8,0,,,,1365,0,0,0,1,,1790934712,0,0,0,0,0,0,8,0,
1790934646,EtYDW9cC3dQ8s2fJ5fzMBEE6c7u1x7fTEACUcdiDCKAc,𝕏/ACC,D2qi8oc96seZ5URLH5pwaBoKdBjVB7NiiX4LexHVNqJ1,meteoradbc,1790879049,0.00005322,,53224.13,53224.13,0,0,0,8066.62,0,0,0,0,0,0,261,297,,,,6.59,0,0,0,1,,1790934712,0,0,0,0,0,0,161,148,
1790934644,5CpQs2YaLY7z3XKLqNRcSLn38q9GQ7S1yteqcpTipump,𝕏/ACC,HjutGtwLCe3j6ZvfWScJRTwgx5tSiT5E1HzimPKwkWJJ,pumpswap,1790878100,0.000002701,2974.63,2629,2629,0,0.04,0.04,1190948.25,0,0,0,1,0,1,12016,5626,,2.07,2.07,-94.49,0,0,0,1,,1790934725,0,0,0,1,0,1,1200,1001,100.0
1790934644,79E2XiCZ6PgDevwrWnRDFQ1VgbHotRwe1Pm2VfeJLMF2,Cap,DdQwcfAjJDM7eBnhMHdceazWGJ9t7rcRrpP3ky6b33qv,pumpswap,1790877901,0.000002112,2144.52,2102,2102,0,0,0,186057.57,0,0,0,0,0,0,13402,11107,,,,-95.7,0,0,0,1,,1790934725,0,0,0,0,0,0,245,1317,100.0
1790934647,HPZ9A9o2dP4bLNjDp47YLUsR5EysmzuL5ZD9JRVpump,SpaceX,Dhyp2DPdTHgfczGjUKKj4RRudwVSC2bUYtGnaPgqTn1T,pumpswap,1790876859,0.000002103,2128.41,2093,2093,0,0,0,123428.64,0,0,0,0,0,0,10999,12693,,,,-95.74,0,0,0,1,,1790934725,0,0,0,0,0,0,471,2251,100.0
1790934646,Ectubm5UU5i3vgU46tLVdTxLQbn2Ce8fKSXVxhnFpump,BIOME,HETVJdQVM8W79JPoiPJ2n4KHa47H2hYL4qMqF4BjHeVG,pumpswap,1790892265,0.000002777,2745.97,2500,2500,0,0,51.39,83464.24,0,0,0,0,0,5,941,961,,,-2.7,-94.29,0,1,1,1,,1790934712,0,0,0,0,0,5,484,610,100.0
1790934644,5jG2PihdS26vw1n7xwkT69DSzAvwy3YTe2SyJoJHpump,MASKJAK,E2dGLhYRb6XW8fuj4ZTNQNLjq2vE4T5VRcqrg77y32zC,pumpswap,1790891652,0.000003187,3593.29,2898,2898,0,0,4.06,2094812.45,0,0,0,1,0,4,4114,4157,,-0.48,0.59,-93.47,0,1,1,1,,1790934712,0,0,0,1,0,4,1545,1536,100.0
1790934644,6bQ4MCnJ5rab9pDGR43hbTCf1GabYEVmCP2oLyexSmvC,FIX6900,4qbokk9tDkinqANgHGMw1vHD73MuwCuSLeJfGjjHpLgw,pumpswap,1790892426,0.00004497,21702.23,44249,44249,40.3,2159.88,35795.84,4093055.2,6,7,34,59,463,498,28389,23057,1.41,-8.25,-16,-20.73,0,0,1,1,,1790934712,2,0,28,47,263,419,8031,7460,100.0
1790934645,BLFPBx5cjXb1T8GYdFd6nEGSWbevoyGc5uYpPpuNpump,CONDOM,D9Aa1Zvg8agZmQbasKEieRg1Gaw4H64S7Ldv8zTqHJD4,pumpfun,1790890766,0.00001077,,10779.1,10779.1,0,79.28,5038.9,134608.09,0,0,2,1,43,39,1266,937,,-0.6,-5.29,158,0,0,0,1,,1790934712,,,,,,,,,100.0
1790934642,11mwXYNHsK5orsvHokxsYgRbpo145k6SbXTYYkYpump,AMC,Ar2LBpMRpwJE8uqgBpytWVrhiyXAQFkxFmrewxZzh96u,pumpswap,1790890433,0.000002472,2745.85,2436,2436,0,0.02,4.25,1291045.44,0,0,0,1,1,3,27141,15718,,0.13,1.39,-96.89,50,1,1,1,,1790934712,0,0,0,1,1,3,6780,6759,100.0
1790934646,EvGeAESHfVcJqwtoC6H2cXzgnFf9kPEEf2rLNzm1dLRy,FOMOTAG,2ethRw5xxuwMkhWugyRxBoRoQtKA2Ns5TUiojB9FUngz,meteoradbc,1790893082,0.00003600,,36001.17,36001.17,0,0,0,3950.1,0,0,0,0,0,0,128,126,,,,148,0,0,0,1,,1790934712,0,0,0,0,0,0,114,110,
1790934644,5vGuW5fmCHwTz2gudhk8VyyCKknRg8S7ecDwcBrgcCcf,UMINE,C458ur2Y5mJBJ4s5ZNAYDizodQdosxKfawUQViUt9Ewe,meteoradbc,1790892762,0.00003502,,35021.02,35021.02,0,0,0,6419.13,0,0,0,0,0,0,239,224,,,,80.48,0,0,0,1,,1790934712,0,0,0,0,0,0,163,151,
1790934643,4s1TcfJCvXUCgFojjAkAzaVKD4tq8RmeMV5Hrmgmpump,FIX6900,B5kEtZW3FSXKZWBHAo1Akgk83opUhzZeiCHUsfH47GVE,pumpswap,1790892750,0.000002334,2458.76,2291,2291,0,0,13.76,547423.43,0,0,0,0,0,3,2974,2273,,,1.64,-95.24,0,0,0,1,,1790934712,0,0,0,0,0,3,973,959,100.0
1790934644,6iGkDwTZKgG7f4pEyhnE7xU293rjpxGejSQkMWYjpump,STONKTOK,BCSe3Sed87cjNYezchkkAM5XXAtqMTv4wETeh1ZriQo4,pumpswap,1790892937,0.000002562,2687.83,2489,2489,0,0,0,421605.38,0,0,0,0,0,0,1997,1946,,,,-94.72,0,0,0,1,,1790934712,0,0,0,0,0,0,930,858,100.0
1790934647,GncAHi2VJbTzsWMaV4skChMrKS6zVYXt4bTZVjy8kzau,Joker,AVYNs9cRh6WcQhkEgQma91WcXw5K86qH2GrEZyDZgube,pumpswap,1790892583,0.000002138,2164.45,2139,2139,0,0,0,142893.21,0,0,0,0,0,0,6990,6161,,,,-95.64,0,0,0,1,,1790934712,0,0,0,0,0,0,408,2580,100.0
1790934644,7cYaQc21w9dzKkGP6LgkqtmL5yzoK5UJE1GeamTRHwny,test,DZrcUWZy7WfKx1ktcJpaSNRWLgUFB8T5Hk7quj8coDNV,pumpswap,1790905861,0.00007242,26769.76,67814,67814,823.15,19782.47,429958.07,3968334.15,12,6,147,135,3198,2677,26316,23466,-3.66,1.46,-20.35,48.47,0,1,1,1,,1790934700,11,2,108,105,1222,1258,7553,6686,100.0
1790934645,91gwzoFp3nxwsPw5KJfvAxnYtzJZvEzxNLVnJcxNpump,www,4NGAS8vGEkytheqdMfLHbwHYJiwSkVmFJDn4MDCBtxKu,pumpswap,1790907709,0.000002867,2837.91,2736,2736,0,0,1207.7,108236.9,0,0,0,0,12,26,1328,1469,,,-16.38,-94.24,0,0,0,1,,1790934712,0,1,0,1,10,24,621,731,100.0
1790934646,CRwv4LBK1gX1NeeGWjtuN7X9RTPk3MaAiKk6gYnggWej,kimchi,DvNE6wWTQD9GnjvqKFRD12dktn9ywJXb9PneKVX5NNpq,pumpswap,1790907582,0.00001443,9223.2,13959,13959,0,212.79,18728.7,370337.16,0,0,0,4,209,258,4090,3921,,-7.33,-31.66,-70.75,0,1,1,1,,1790934712,0,0,0,5,107,165,1870,1733,100.0
1790934644,6bEn37ChJnG9pTETiNCfq7ZBeRDfLqQjxEYUu8MCzh8f,www,7KH671uX1qrn8KFKFK6aCNwnRnSVnJxhyYRuaGrDB1Au,meteoradbc,1790907383,0.0001291,,129151.63,129151.63,0,0,0,21147.99,0,0,0,0,0,0,379,511,,,,1035,0,0,0,1,,1790934712,0,0,0,0,0,0,183,201,
1790934643,3cs6DccgLaievgynMdruKWYT5Lv1fWTn2y6FCU2oGP67,AI,Ao7Wz5VxTHLyWL3bBCh2nKRQ5E4FrR47gncPQU573McY,meteoradbc,1790907441,0.00005802,,58020.44,58020.44,0,0,0,6991.59,0,0,0,0,0,0,146,165,,,,217,0,0,0,1,,1790934712,0,0,0,0,0,0,99,101,
1790934644,5YRJuTzb3bmY4tpsEuN19pRxKHviKBdz57hnHRfeP7xE,Speed,ALfnFvthn741Xk6oSqT28kjzREkpThDERPtEsP7Gp95x,pumpswap,1790907497,0.000002141,2164.46,2142,2142,0,0,0,117502.89,0,0,0,0,0,0,12109,11417,,,,-95.7,0,0,0,1,,1790934712,0,0,0,0,0,0,368,927,100.0
1790934646,F2xjJuoim19i9fCmJqQMhyUDsmZzpcynzFdACxEQ1gQJ,anon,DHNMUey72krJr5SvDbsgiscHQE2BbXgQ6vjZo4YLpd7z,meteoradbc,1790907363,0.00009669,,96699.05,96699.05,0,0,0,14489.85,0,0,0,0,0,0,386,452,,,,19.59,0,0,0,1,,1790934712,0,0,0,0,0,0,161,150,
1790934647,HAAVNChY9z2qRuauY1yoCJRe4hq4ki7eRDovhNbF1PNm,test,5DbAFXqp3PhFK85fSkZntQKxEa3xyyGhG7bqnbm5858A,meteoradbc,1790907473,0.00004701,,47013.89,47013.89,0,0,0,6972.92,0,0,0,0,0,0,138,173,,,,176,0,0,0,1,,1790934712,0,0,0,0,0,0,94,107,
1790934643,4YJ5h413tp42Avx4yxbJMQkVn2V1pnLmw22oYk8Jpump,CYBR,2uQPJBsaPsrAxcdo9Bqdw3sKGN6nUMjcTo14MiFKsVeg,pumpswap,1790905243,0.000002190,2236.17,2178,2178,0,0,0,263195.47,0,0,0,0,0,0,26758,26880,,,,-95.56,0,0,0,1,,1790934712,0,0,0,0,1,0,1161,1549,100.0
1790934643,4JcKsn2Gx1HzuFYMtvGAmhyPwz5QjPS4Ua4jKj9apump,Nike,5ZhzmWTDXBZkSegpzNdasGXXC4V3i6MMaymkJmF3yEWz,pumpswap,1790906919,0.000002126,2146.42,2116,2116,0,0,0,91231.46,0,0,0,0,0,0,5194,6829,,,,-95.72,0,0,0,1,,1790934712,0,0,0,0,0,0,420,2215,100.0
1790934646,DhBNoyW35P17mWwnjZeBdyK2XRGhGmk5kkn4cZHqxWuY,SFAI,U3uCBYeSa5pFDi7KDWDhFDbJRxfQeuu8KMVUo6N9L5m,fluxbeam,1790857112,0.001469,1454496.43,1469437,1469437,0,0,0,10438.25,0,0,0,0,0,0,301,0,,,,899,0,0,0,1,,1790934712,0,0,0,0,0,0,21,0,0.0
1790934644,6RufsEXSv9Nd4YUmUGah8MeMXZT2rxn3kriGiBcSpump,MIX6900,Ep4PkMyu5BkVaP8RXEJvdu8QFomBjdEsK6g8hUNFH55X,pumpswap,1790913361,0.000002494,2763.16,2456,2456,0,6.89,1120521.8,1120521.8,0,0,0,3,18131,12859,18131,12859,,-0.69,-97.24,-97.24,30,1,1,1,,1790934700,0,0,0,3,8923,8902,8923,8902,100.0
1790934647,HFmqDN4HYT2Z1fA4ZCpa8JQbPqbwexZdkk6a8Y9gcKnW,https,2PbGERvZC1CRHTd7GfRKVHRGAYQ1eLzXSgFoko1CUbmK,pumpswap,1790914245,0.00003981,17022.67,37894,37894,6570.57,46986.47,913433.6,913433.6,54,26,363,271,7441,6421,7441,6421,0.1,54.04,-18.82,-18.82,0,1,0,1,,1790934700,7,7,164,129,2468,2235,2468,2235,100.0
1790934644,8BJu7kgjRtPKsreF6n5yrSttU2pufYAPJSWmaY8Jdare,DARE,DwA5aMK41HjjRpYS8AXpTqdCewdpWLsjijsuDn4Ks7X3,raydium,1790913391,0.0002728,53964.09,272839,272839,282.95,7126.59,255823.96,255823.96,4,5,61,64,1163,1289,1163,1289,0.74,13.7,346,346,0,1,1,1,CPMM,1790934700,7,6,52,47,423,291,423,291,100.0
1790934646,CNohWHNTurS7PpB55czspwUJfpk9yy92uf1wXdweEGg9,CATGPT,3hSL3G9q4ZYZWLgyQVX2TCVM6hS2izKcDuweHTPzZgfV,pumpswap,1790914072,0.001295,125566.14,1260076,1260076,36827.16,599542.76,6987780.8,6987780.8,216,176,2806,2374,39647,33209,39647,33209,3.63,130,2541,2541,0,1,1,1,,1790934700,38,33,1439,1252,11149,9116,11149,9116,100.0
1790934644,6tpfCENhKozjtambBEecWoV1V6trzqNgi1AQHkTqpump,KEN,GhLLUkrj13WU8yPiA8argBUb6xk2ucBoRCRoVDfeuPr5,pumpswap,1790910654,0.00005300,19717.76,50966,50966,11.46,7170.64,216379.73,385777.21,1,1,24,33,2509,1880,4648,3497,1.2,-13.57,-15.97,6.84,0,0,2,1,,1790934700,1,2,19,27,1523,1188,2399,1960,100.0
1790934645,B2PcRN33YdYaUxPgjJSckyfH85BXpYCL6RBoLDrLQQJ4,Robinhood,GxPaVmoNWJ4qjfSr1yW4pMtKbY73QYww2SXhxQ7ubDr3,pumpswap,1790914832,0.000002192,2203.79,2193,2193,0,0,50904.19,50904.19,0,0,0,0,2368,3792,2368,3792,,,-95.63,-95.63,0,0,0,1,,1790934700,0,0,0,0,156,2021,156,2021,100.0
1790934645,BdnAEgWU7kgLQRjdBchmbBCdjEXSFap4JieYhyE4pump,BOT,YmUZVaZRmHRi1cjjgJZopRwuenWMmyjnpP5AhaNpJ2E,pumpswap,1790914879,0.000002496,2485.15,2318,2318,0,0,35972.81,35972.81,0,0,0,0,411,1780,411,1780,,,-94.9,-94.9,0,0,1,1,,1790934700,0,0,0,0,217,286,217,286,
1790934644,5AHB57R3jatNDJ1bYKLwA1YHGSJkJsCrNhQn4Gq6pump,NVIDIA,5uvxfRyzr4jF9BTYsK4KnuNcSVvGxePf9MmtUK3oJPYs,pumpswap,1790912268,0.000002222,2257.72,2211,2211,0,0,166971.9,208995.1,0,0,0,0,10557,16516,13566,20573,,,-99.65,-95.55,0,0,0,1,,1790934700,0,0,0,0,465,1209,465,1209,100.0
1790934643,4AT4FHoc8LE5EMXCX7mgcTSvGM9NFKZW8RsiA6oxvkjv,SYMBIENT,2p63ooyr1XVyXREhvg4tE6aSQWutijPD5V5vmiA52tQA,pumpswap,1790915044,0.00003857,16411.09,37256,37256,189.46,13627.39,502116.74,502116.74,2,1,109,76,4519,3613,4519,3613,-1.1,13.51,-21.63,-21.63,0,0,1,1,,1790934700,1,0,67,53,1339,1309,1339,1309,100.0
1790934643,4LjJL18pN6oMxr6Z6bMUxXy7K5CbbZTjrQ5UsSjjpiNn,www,WXNCv7a7qxZ1Thd6Jrg2Ap62AFmGJsFNbmZyrB4MijW,pumpswap,1790915608,0.00003793,16020.39,35348,35348,382.81,7509.93,379895.96,379895.96,1,7,71,53,3956,3165,3956,3165,-7.27,9.43,-23.42,-23.42,0,1,1,1,,1790934700,2,8,41,37,1346,1305,1346,1305,100.0
1790934645,8LmWjjAh6ujYTcXeMFh6FkT7nn6CDeEwYucMdaxgYn6s,BLACKCAT,C26dqPnGSFQNhuRJ6u768KvDyenkRk7wmAzRNGtF6pLs,pumpswap,1790904690,0.00005688,20763.96,54833,54833,265.16,9060.02,108029.98,217301.27,6,1,69,44,821,596,2015,1421,6.85,15.06,5.91,12.41,0,1,1,1,,1790934700,,,,,,,,,100.0
1790934644,8DazWbVLmcdCYN1Be5d5GqiT4vj76i5TXRLP6uGFSFcT,DINO,7inBvPPiDboW6xsCAtk4E1yXzZmnFeCvVDjXJ9o1Gm2E,meteoradbc,1790916485,0.00009805,,98055.02,98055.02,0,0,2350.86,2350.86,0,0,0,0,13,3,13,3,,,18.56,18.56,0,0,0,1,,1790934700,0,0,0,0,9,3,9,3,
1790934646,Ep9Txm6USzzdkDZX9fr2GrA7ZWZpR7xJFxMW1YGKGJWP,Robinhood,6MmfeiZ9ciuM33bvcFMvvfkkR7qzPPcQd5MD4Q5NTKAL,pumpswap,1790916502,0.000002205,2229.71,2191,2191,0,0,234498.1,234498.1,0,0,0,0,19924,15963,19924,15963,,,-95.66,-95.66,0,0,0,1,,1790934700,0,0,0,0,396,2574,396,2574,100.0
1790934643,4E5SUG74yBb6DR94Ain8ifsKbDtvcJo6bshAHxNMRBQq,DINO,Ft7ZnShaVKnbmCpNEiUzMkUrHFgamP1bA3as4XLBcKKv,pumpswap,1790916516,0.00001605,9626.41,14289,14289,469.23,17031.37,161403.29,161403.29,8,5,139,122,1880,1777,1880,1777,4.99,66.18,-68.2,-68.2,0,1,0,1,,1790934700,1,1,74,62,791,898,791,898,100.0
1790934647,GHetyLf629BR1YcSADU8RctK7Q927ZhDMScZgjnRpump,SpaceX,2Lj8LFsUjvU2SuJS3FLFAjGPw9vqLaS41qjTEStRv1fg,pumpswap,1790916469,0.000002179,2193.45,2179,2179,0,0,59337.41,59337.41,0,0,0,0,1232,3622,1232,3622,,,-95.71,-95.71,0,0,0,1,,1790934700,0,0,0,0,385,2276,385,2276,100.0
1790934646,FJSQerYdgSEy9yAK9hD39YevvSKYJbryrABGCA9ppump,OpenAI,4dXrpbZxCfGYjNNu9wf8Z1BbhnbqbAVtScZUGdg6eMKF,pumpswap,1790914891,0.000002208,2245.53,2198,2198,0,0,248513.59,248513.59,0,0,0,0,13316,14095,13316,14095,,,-95.6,-95.6,0,0,0,1,,1790934700,0,0,0,0,1813,2228,1813,2228,100.0
1790934646,CNmX6mJjviE8BWSre7Qw3QJgWYNnCSvW9dkdSBP9pump,MetaMask,9DBnNwmn8a9WCACE8To2KUpznvA6oQh3fBPkkWHsKTDp,pumpswap,1790913714,0.000002213,2252.9,2203,2203,0,0,229380.93,229380.93,0,0,0,0,22280,22163,22280,22163,,,-95.6,-95.6,0,0,0,1,,1790934700,0,0,0,0,1591,2102,1591,2102,100.0
1790934643,46doJPsSjEVMsNZm4b32UbbvbUXjFTM3TDPBWMM3pump,Cadence,4TjiqZQoCtTNtmDqqmEV2SPoeGZipueRFyRamnFXV9su,pumpswap,1790649631,0.00008901,26230.46,85964,85964,55.94,3998.19,108522.35,125874.94,2,1,32,23,653,434,860,628,0.65,-3.45,251,445,0,2,1,1,,1790934700,2,2,26,22,271,213,327,303,100.0
1790934644,7fk4C9dUcDMECAKrScaMK6wiFWrXweTDavaDXM4udbCb,Mr Beast,BQEF7NcsmQv28z56LhjsrzWTQpwv9LxHB6EiUbwQQWV3,pumpswap,1790916449,0.000002196,2214.92,2181,2181,0,0,153935.39,153935.39,0,0,0,0,16559,15642,16559,15642,,,-95.68,-95.68,0,0,0,1,,1790934700,0,0,0,0,371,922,371,922,100.0
1790934647,HUCtCWNZLgKyESnxGEXUTF4J4KBkYd7cx6rbauAVsuma,ALIVE,2RNjUK4e2qh9sfeqUnD6EAkTiUp1HXZmcRi4yP8kEUsk,pumpfun,1790917907,0.00001285,,12853.01,12853.01,717.5,7141.52,255096.86,255096.86,3,13,99,66,2978,3103,2978,3103,-15.79,3.36,209,209,0,0,0,1,,1790934700,3,11,51,38,1153,1028,1153,1028,100.0
1790934646,EURUyoh4XBV46oNh13fMdL1ckCwxjg7HTUaaySGcpump,Grok,8qBZvJCAWzMST3sBa2sY5EG84ewSAph6rmUCXURG5SbF,pumpswap,1790917341,0.000002208,2231.67,2208,2208,0,0,121176.89,121176.89,0,0,0,0,8991,8771,8991,8771,,,-95.7,-95.7,0,0,0,1,,1790934700,0,0,0,0,2418,2241,2418,2241,100.0
1790934643,3nrUZUeHMYioNDPG9MXxGChKRSAiVecHUxJHgtMat8B5,ELON,3rvJot9FjgvDPn1PGwnFW3kAhn2p1qoqN3mJ2cAtLP46,pumpswap,1790917602,0.000002208,2230.79,2197,2197,0,0,113213.43,113213.43,0,0,0,0,9853,9209,9853,9209,,,-95.7,-95.7,0,0,0,1,,1790934700,0,0,0,0,239,2080,239,2080,100.0
1790934644,7PNrcZtvLn46Un9XDw3Um2UDqqpgdnnqYKd2BA7bpump,WWWCAT,BeB41rod18WKctzqWwPs6HMLLPtXrB99QxowfvdACDtM,pumpswap,1790918625,0.000002468,2565.46,2403,2403,0,0,350934.86,350934.86,0,0,0,0,6409,4395,6409,4395,,,-96.92,-96.92,0,1,2,1,,1790934688,0,0,0,0,3631,3610,3631,3610,100.0
1790934642,2t45jba7Wp2vQWfKrZJsyR62yV2sPWBQYLk958qx3Kcj,Shoggoth,Cf8D7ihu6W1WtgH3dPRwF8HNtBSGtAfCAcHPJXXfceKR,meteoradbc,1790919927,0.00008303,,83036.7,83036.7,0,0,3737.77,3737.77,0,0,0,0,66,76,66,76,,,434,434,0,0,0,1,,1790934688,0,0,0,0,62,68,62,68,
1790934646,CjUVYWLHdn66zE1KNCcHEUBrApD2vi3WrgdLE2sAkP3f,SYMBIENT,GV18eR5J92RX28CPShN8kYwRFLbJ1LPBh2MwvUbnpC6Q,pumpswap,1790920048,0.000005572,4815.71,5300,5300,0,2491.81,276345.85,276345.85,0,0,35,33,3279,2762,3279,2762,,-33.81,-88.73,-88.73,0,0,0,1,,1790934688,0,1,20,30,1356,1314,1356,1314,
1790934646,Ec1gcRjv7q9yAN9fwQe4cMgZvbhGPQRSe64mJ7cPTAph,Giko,Gm7SFYCHiaDF6BJDi1xL71bnUNwhfLGZLfvJrEoFuv3W,meteoradbc,1790920066,0.00004733,,47335.22,47335.22,0,0,12801.52,12801.52,0,0,0,0,302,339,302,339,,,182,182,0,0,0,1,,1790934688,0,0,0,0,156,164,156,164,
1790934645,8nnaeWCw8mUypcGAgbmSuzAT85uWx4UN12adDrMhXrGF,HOTBOT,GLL3CzybpSCLZdoACf8QUM5YrKVwyA65kQ2RcTsJxxzV,pumpswap,1790920030,0.0005540,74616.59,535736,535736,16923.1,134152.61,3289073.96,3289073.96,79,94,824,1018,23631,20030,23631,20030,22.69,45.98,1000,1000,0,1,1,1,,1790934688,19,25,461,511,6669,5563,6669,5563,100.0
1790934647,J5ThxLWwxCRtVwc3g4UUPNFC5gFbsP8xjW8bwhiqy3Zc,VLADMAS,EMJj6zwTBFiWv7x9oZZ4fD1n2ar7FDUQEqdSEXtEFbGk,meteoradbc,1790919864,0.00006032,,60327.96,60327.96,0,0,8109.79,8109.79,0,0,0,0,152,204,152,204,,,224,224,0,0,0,1,,1790934688,0,0,0,0,114,132,114,132,
1790934642,2Li7eXeHFntRoi9SasUAhWVrBSw7aAjmCJyajVWaJj7i,SYMBIENT,FUK24cj2onFhe7vM86SBeRHetW2Qio6HFvwpZzLskVBk,meteoradbc,1790920048,0.00004808,,48089.83,48089.83,0,0,14496.38,14496.38,0,0,0,0,384,435,384,435,,,177,177,0,0,0,1,,1790934700,0,0,0,0,142,138,142,138,
1790934645,Benez8bZQ56nTsf8iEKx9a5wPQ5Pb31PnxiY1iMdEJGf,ZELITH,5QZ7p9v48eaxzRDtxeP3cmMLdvqEpnBbr2mZKrdVrYWR,meteoradbc,1790920044,0.00005881,,58816.11,58816.11,0,0,6192.87,6192.87,0,0,0,0,126,159,126,159,,,216,216,0,0,0,1,,1790934700,0,0,0,0,94,106,94,106,
1790934648,qTyZGgDKVH1fZNhBAnGcUgtyVbVrWZ3uNeuCgJ4pump,GOIF,ANcPJyoPyos5hoGioj6UvkzA4RpU5FRNTb626xSMX6dB,pumpswap,1790851267,1.55,3653959.86,1552760022,1552760022,3867,45840.46,291914.36,2289020.27,267,4,3160,59,19985,363,83867,1821,0.29,2.95,24.82,3175595,0,0,0,1,,1790934700,81,2,2429,5,2925,17,3083,125,100.0
1790934642,1Atst4LcMEYfAXACbCaBpdk166CU8eopNkjyD8jpump,AROS,ffBBc3WzZNJNJu1ZCm85qA4nLibfS4pL7iAgxbACu6K,pumpswap,1790834817,0.000002530,2550.15,2531,2531,0,1392968.24,1637465.9,2473612.11,0,0,323,2931,17101,3246,80016,4346,,-100,-100,-100,0,0,0,1,,1790934700,0,0,368,1467,2932,1482,3004,1532,100.0
1790934644,7fnqyfEqGSZS1WFZQyMibPz2M9EozcwvjUTnLCqbpump,adidas,GT24SR6idw8os1hmcugdG2nckfj7TrzGCoLAT6dpviQn,pumpswap,1790919368,0.000002163,2188.87,2164,2164,0,0,135482.98,135482.98,0,0,0,0,4949,5888,4949,5888,,,-95.76,-95.76,0,0,0,1,,1790934700,0,0,0,0,1210,2200,1210,2200,100.0
1790934647,GhAP9Tb8RADFhxpAbyz96VFG8vGUzhMaPLMa38DvQFn2,Giko,BuKG2ytP83oWiSdHF1YjKmHWZEHWXLbxyQjPHRTiUwyP,pumpswap,1790918950,0.00007561,24732.13,73196,73196,1749.44,45987.22,945880.75,945880.75,27,16,356,276,9522,7765,9522,7765,4.85,9.18,47.57,47.57,0,0,0,1,,1790934700,8,1,182,159,3475,3027,3475,3027,
1790934642,23h7wmi2kv6ptB5Dr95WwtQEjUJicbb9KkPDwK1Bpump,SpaceX,2Q3FyGMsRGreo7CKS9xonw1saKVwoU9QeX1R7tKSdaUG,pumpswap,1790918602,0.000002171,2199.93,2172,2172,0,0,151800.22,151800.22,0,0,0,0,8790,14006,8790,14006,,,-95.75,-95.75,0,0,0,1,,1790934700,0,0,0,0,454,2340,454,2340,100.0
1790934644,5hpck3FaHXqhQnL4RwwdaNQFeBka6CpoVBxT1dWupump,IRL3,EKF533bniHb623Ki8wRftvzjHzFisSNHvFGAi5vcShaM,pumpswap,1790922051,0.00007573,23677.2,67040,67040,7837.75,64586.36,383490,383490,49,25,798,664,4967,4089,4967,4089,34.94,71.48,51.14,51.14,30,1,2,1,,1790934688,10,9,356,308,2364,2202,2364,2202,100.0
1790934644,7iWG1K47CGCykTNUU4XXkYctnv1X7Qd8RAq6KnDMpump,SS,DtBmpRSAjL3bRbDbVwBuHGiUNyqQvjY8Y1jxgudFuUFQ,pumpswap,1790919986,0.000002602,2830.27,2510,2510,0,2.64,931851.6,931851.6,0,0,0,2,7249,6058,7249,6058,,-0.33,-94.81,-94.81,50,1,1,1,,1790934688,0,0,0,2,2575,2579,2575,2579,
1790934645,A72fsJX64cS5KxeuCcj3w2xoSa2hSYLzGg3wSw1epump,MOMO,B3p81rEhALWSen2kpGhPiFb676YsxeCSk7GvzhkXMuJH,pumpswap,1790925240,0.00001235,8159.46,11569,11569,57.41,7575.16,85980.51,85980.51,2,1,104,97,992,859,992,859,-1.27,-50.1,-75.41,-75.41,0,1,1,1,,1790934688,3,4,61,69,474,484,474,484,100.0
1790934646,DrrpGMbog3Ru2FNVSVS9RMLME8RCHANYkUQjem8ZCMba,Anon,GQEkDC7uyCMfmSjJ7eEmc2ApkjCAaFf4x72CfQarXZAY,meteoradbc,1790922264,0.00003668,,36685.15,36685.15,0,0,21212.51,21212.51,0,0,0,0,497,676,497,676,,,112,112,0,0,0,1,,1790934688,0,0,0,0,148,144,148,144,
1790934644,7zUWo2KHMNjcTwYasvSMhd8QResLpoiyN2pbTEWitCrg,E/ALT,B774Nw6T8UzWGuAqSuyeovydK13qTdt4x1SHECpHhHvY,meteoradbc,1790922267,0.00004978,,49787.57,49787.57,0,0,19164.95,19164.95,0,0,0,0,637,621,637,621,,,201,201,0,0,0,1,,1790934688,0,0,0,0,155,153,155,153,
1790934645,8LXS57i287fKiV5yc8akCNsPGXJRnYn4tazSk4Pzedq1,Anon,Cf9Cwh6SbGQxRjNiN8eWNu5xS49i7fSHDx7JZr2SR781,meteoradbc,1790922235,0.00003550,,35505.42,35505.42,0,0,13679.43,13679.43,0,0,0,0,421,468,421,468,,,92.95,92.95,0,0,0,1,,1790934688,0,0,0,0,195,195,195,195,
1790934646,EEFjLpo2HptqM94Cs5QdCS5FFvy7nWJHwRJD9XwfsbWQ,E/ALT,26zcPeaWpmPGhGR3BZXsfHGxY1dR73qEFnMhEARbyiL6,meteoradbc,1790922203,0.00004478,,44783.82,44783.82,0,0,3691.44,3691.44,0,0,0,0,104,104,104,104,,,171,171,0,0,0,1,,1790934688,0,0,0,0,74,69,74,69,
1790934645,AgVawnJZEYkibhEMTPHyYgvkVQCRpFisUv7MDkUFnfsX,IRL3,4upo3oLhmoQwtPCrWGeyscw5WbH6bXKccywTyHQbJPfB,meteoradbc,1790922189,0.00004672,,46723,46723,0,0,8098.21,8098.21,0,0,0,0,204,198,204,198,,,179,179,0,0,0,1,,1790934688,0,0,0,0,139,126,139,126,
1790934646,DSmp1qi6fAGn9Xj4cztBi8B1UJUBoiADn7QPhfEnsFq6,Anon,891v3RKdbE5yj5XDbtvxW71PSm6gFfC2aa8fbGb4XPLa,pumpswap,1790921757,0.0002628,49860.74,256545,256545,15170.83,224582.8,2389074.75,2389074.75,110,57,1231,1049,14744,13090,14744,13090,-10.05,93.92,434,434,0,0,1,1,,1790934688,14,16,614,545,5299,4354,5299,4354,100.0
1790934643,4b6N3zMYSt31i5D5T4yhXMxTsyAxURTMKUtC1Bqzpump,Agency,3Wm5PRJUqQMiXDVPXVPTRmNB3HUjXunrdxGWqXwZ4c5m,pumpswap,1790921411,0.000002223,2259.95,2224,2224,0,0,163784.02,163784.02,0,0,0,0,10203,10915,10203,10915,,,-95.61,-95.61,0,0,0,1,,1790934688,0,0,0,0,2286,2430,2286,2430,100.0
1790934643,3DVcRFGfEj26XVTJ7FyzJNmbxRuh9hmtWWDHXERFpump,OpenAI,3jUA1V4QouLN9CamFDfJzBpsENg78MCHfzAUYPaH3iFu,pumpswap,1790921254,0.000002196,2220.87,2196,2196,0,0,121015.41,121015.41,0,0,0,0,14900,15266,14900,15266,,,-95.66,-95.66,0,0,0,1,,1790934688,0,0,0,0,1477,2103,1477,2103,100.0
1790934643,47Luym1x9kyraT777YCXf4ejTS1mGMwuaWhLMPMKpump,GTA6 Coin,5RCNkRTEXqCX9fjgwwuPQXW8ihDQVSqCnusQszbBGsYA,pumpswap,1790921455,0.000002227,2262.06,2216,2216,0,0,210529.48,210529.48,0,0,0,0,13611,20745,13611,20745,,,-95.6,-95.6,0,0,0,1,,1790934688,0,0,0,0,457,1457,457,1457,100.0
1790934643,3xas9JZy5GP16YSVbq79txxnxDFZznA3TCurrJmGpump,ARX,DAoJ2HK2yspUsP2e2iLneRv9hPJ2T2PAMQuqLDGfrpNy,pumpswap,1790924357,0.000002761,2731.67,2643,2643,0,2.4,43955.92,43955.92,0,0,1,1,499,572,499,572,,-0.09,-94.49,-94.49,0,1,1,1,,1790934688,0,0,1,1,311,383,311,383,100.0
1790934647,G6VTWhrErdU59EaGFpiy3vugSG1UUjrDuaYZ33Kjpump,HER,82ciFLVwfzFzuqbwgVqH9qntUL4QPzNtdC9iRHLvgMdQ,pumpswap,1790923233,0.0001730,39863.65,165513,165513,5062.11,122720.96,1520608.17,1520608.17,55,38,999,798,14150,11268,14150,11268,5.58,3.37,251,251,0,1,1,1,,1790934688,7,8,452,433,4172,3564,4172,3564,100.0
1790934645,9kzqAUGqapuCdxBKDJrFHzUVUT9TMfmDd1C2N74NsQD4,HER,FdyAQGqJ8esRbhyZBrY3E7MZSyJLjySyvr1txuFaCGNy,meteoradbc,1790923987,0.00003587,,35879.05,35879.05,0,0,18315.54,18315.54,0,0,0,0,646,774,646,774,,,121,121,0,0,0,1,,1790934688,0,0,0,0,213,204,213,204,
1790934646,Dt4ox71Zhyhcf1rhmT9NEnKyv4ebuxtet2NXo4nRpump,Tesla,2hGZ2oKnRXug6moacWgn9tMvfYmXATUi5hcnNZfiMqAT,pumpswap,1790923322,0.000002161,2190.93,2151,2151,0,0,169520.9,169520.9,0,0,0,0,13888,15088,13888,15088,,,-95.73,-95.73,0,0,0,1,,1790934688,0,0,0,0,533,2082,533,2082,100.0
1790934642,32vAqNYY88sRgVTJKss7LgA2jiQ3Mc4uS9NkKW6Epump,Gemini,Ai7fLqe4qVS8t547dwpajHJQ9HiRXycZo7kYtBCASrCp,pumpswap,1790923010,0.000002178,2208.07,2169,2169,0,0,172220.04,172220.04,0,0,0,0,15775,15742,15775,15742,,,-95.7,-95.7,0,0,0,1,,1790934688,0,0,0,0,2284,2114,2284,2114,100.0
1790934646,FRwCmWiHMfqjX5hWR6gSsC68eZS9f9yVSwkXRV2V8ex7,Ansemmas,9Y2Y4LyBpLE63W73GaGx6i6eUDnMUFWCXMnNo5gR5sto,pumpswap,1790923343,0.0001770,276463.33,177080,177080,242044.29,3198577.69,19282954.89,19282954.89,197,97,2603,1287,12874,8765,12874,8765,1.14,12.99,158,158,0,0,0,1,,1790934688,43,20,1270,29,4149,39,4149,39,0.00000000043007937427183
1790934645,8XeBzEqjBpgZWCdY5WqNiN8j3qbx5WyojSAGTFHTvfui,DIT,F22ZrHKGjkkhq3ZrA6Gz3g1rKVqbfos9tPTeBh54yukF,pumpswap,1790926340,0.00001435,9228.85,13844,13844,1060.6,17599.18,492049.33,492049.33,15,11,247,229,5107,4157,5107,4157,12.72,80.1,-71.18,-71.18,0,1,1,1,,1790934675,19,12,139,152,1874,1754,1874,1754,100.0
1790934647,HK2HMgA1JxMLYaqETrKbGJCAeG2V32J6Qc1eLMU6Mq5s,www,3APB4EhgeGActjwSuwTyMPJT9oULrN45oZPCx73dHrjk,pumpswap,1790925695,0.02004,0,20044165,20044165,0,50381.88,297377.58,297377.58,0,0,593,191,4438,819,4438,819,,106,148923,148923,0,0,0,1,,1790934675,0,0,50,49,2033,55,2033,55,0.00000000721391766663706
1790934642,34grhzpQQesKsKHcuuXUMv34CVBcenw7Gb8aH8wkRmrN,home,GrPzqXX7G5goz2jB4eHgz7pnRxbm3fdnrjQv5uSkhHkX,meteoradbc,1790925638,0.00004501,,45015.38,45015.38,0,0,4786,4786,0,0,0,0,125,139,125,139,,,161,161,0,0,0,1,,1790934688,0,0,0,0,104,112,104,112,
1790934644,7TdUxBeoAAzJkpVRCJDhZhDFpAFrR5bkmNzF3hzZBAGS,XP,C6EtYC2AV6B7FKC7xFH5aiKNCgZE8AxMKD342DkaYniD,bags,1790925672,0.00006854,,68546.3,68546.3,0,0,5.64,5.64,0,0,0,0,2,2,2,2,,,1.01,1.01,0,0,0,1,,1790934688,0,0,0,0,2,1,2,1,
1790934644,6TKJJ12kx12kj8g8Ne4hBXLDPbKGujqdArR9KZ8KUSxz,home,Dqjrh9iJ6dGPhs5SnQeuMAbsyKg9NgULrD8PqxAeteWL,meteoradbc,1790925504,0.00004207,,42077.99,42077.99,0,0,11872.67,11872.67,0,0,0,0,514,530,514,530,,,182,182,0,0,0,1,,1790934688,0,0,0,0,154,139,154,139,100.0
1790934643,3XAsd1QAMySjJAjNkRh6HmRNX2ncTxgBKi5kZnPKx1hx,McDonald's,3J4XfDiWgRDcc2fqhvf5mUASBZ4QB7e8iuV6k1WGJyaM,pumpswap,1790925675,0.000002146,2160.83,2146,2146,0,0,63599.74,63599.74,0,0,0,0,5519,5147,5519,5147,,,-95.75,-95.75,0,0,0,1,,1790934688,0,0,0,0,167,1133,167,1133,100.0
1790934644,5YwP7f8VZLD5nX6EDwZTcjkTrnWsQ2yMQRCQmJUCpump,XP,BM3ByNefTixT82z89U4M5rbjj1bzpFrvWABnPtgCA7QX,pumpswap,1790925562,0.000002336,2520.44,2321,2321,0,1.09,929785.02,929785.02,0,0,0,1,7127,4760,7127,4760,,-0.56,-98.14,-98.14,0,1,2,1,,1790934688,0,0,0,1,3278,3221,3278,3221,100.0
1790934647,GRxEFq8W3G9BfeYDnvAGdQctm1nrhvMhNWB8qeNtpump,ROACHY,9gbhwpVjazeRRWktCRttQaJyZd6p31JG4XN86BX7cyXb,pumpswap,1790925556,0.000002437,2575.94,2366,2366,0,0.36,420875.66,420875.66,0,0,0,2,1914,1906,1914,1906,,0.07,-95.11,-95.11,0,0,0,1,,1790934688,0,0,0,2,712,677,712,677,100.0
1790934646,DWW2fZ5cBYXJ5qnSf2n2W7GdN5jSuxZ2g6eMj964pump,home,CRCgvWrhrfDQ3bMbRCs9yBJzSDPqhftH79KFBxjxJVrn,pumpswap,1790925933,0.000005223,4593.97,5016,5016,22.58,2174.55,178968.53,178968.53,0,5,27,58,2506,2302,2506,2302,-1.39,-47.89,-89.61,-89.61,0,1,1,1,,1790934675,0,2,14,46,905,994,905,994,100.0
1790934644,85QAKMntNJmM8aKxBBHiwczs1jyHFBHnF4WjZBrDhc42,brainrot,8dq9ShXaRwgwrDP7NRyZLjr8nDEg7DzEghwXWtMCU1o4,pumpswap,1790927912,0.000004137,3863.89,4004,4004,0.47,1168.26,159378.64,159378.64,0,1,18,43,1786,1653,1786,1653,-1.08,-31.05,-91.6,-91.6,0,1,1,1,,1790934675,0,5,14,38,675,626,675,626,100.0
1790934645,9sTeTDEdc1vJTj6ioGHt4cR6ea1nCYJtaqWiW3kmRLEd,DIT,HMAaXPCSn2nELZkWYNpWbnm9VzVunErSKiYNk8R5j79G,meteoradbc,1790926973,0.0001298,,129856.02,129856.02,0,0,40014.03,40014.03,0,0,0,0,648,857,648,857,,,865,865,0,0,0,1,,1790934675,0,0,0,0,206,215,206,215,
1790934647,G9HzLHkGAfnpFH9TnKZQwaMk1zE5MXRDfcKKbYtGCMJY,DIT,Ai6iH3H8F4LB8P4XQasghVPh6wmJzdqLgxD2hyM7ziZb,meteoradbc,1790927305,0.00004252,,42520.99,42520.99,0,0,15684.65,15684.65,0,0,0,0,335,383,335,383,,,155,155,0,0,0,1,,1790934675,0,0,0,0,184,193,184,193,
1790934646,CmVfFpKMUDBQtY1XB5y5e6GoLMhVg6H3F1SPG3LaNFcd,AGI,5o6CUyknjVMRjbkwx9rxkqceokjpEHrkD3b1nisqjAzo,meteoradbc,1790927343,0.00004512,,45127.1,45127.1,0,0,26411.02,26411.02,0,0,0,0,970,1083,970,1083,,,180,180,0,0,0,1,,1790934675,0,0,0,0,209,185,209,185,
1790934645,9F4BvHppzdwXS1j6JgUQrfu8c5F9K7CQixtqRUk4pump,UPFILL,3frV9zVqf3Gas7gGneQ37M11XQXaLj1xDqazPKMuhht8,pumpswap,1790927092,0.000004638,4203.34,4381,4381,0,336.14,145212.95,145212.95,0,0,5,18,2068,1917,2068,1917,,9.14,-90.68,-90.68,0,0,0,1,,1790934675,1,3,3,16,892,983,892,983,100.0
1790934647,HcxH3yZGqdpdP7Lbw6yrpZPe7bUgyKadGNNwzcQLpump,LEGO,GWEvvqrLyDeqpkCUgzVN5mLubHeGHWQGcJtLgUi4JRTZ,pumpswap,1790927113,0.000002185,2214.27,2174,2174,0,0,164033.79,164033.79,0,0,0,0,14522,14473,14522,14473,,,-95.65,-95.65,0,0,0,1,,1790934675,0,0,0,0,2417,2262,2417,2262,100.0
1790934646,EuCMwTkZnjFxaYnH7f9wa39GT2GE3j2MCAGUYijppump,SAI,6soLNB3W34m6vgKrjM1XBvnCR1vTcfp7nGYBW392rncR,pumpswap,1790926888,0.0008977,86900.87,880741,880741,3157.28,43798,285652.43,285652.43,359,103,5826,1718,16116,4975,16116,4975,2.16,45.55,1683,1683,0,0,0,1,,1790934675,85,24,2722,1002,4324,2448,4324,2448,100.0
1790934645,AFuhg5kPpXHQtfyoZXJbqeEJKskYaeCW8ci8Lujapump,NASA,7Ae5crqjLnQSqLXrDcKuGZrgkJZddamuMPaafDp4ynfc,pumpswap,1790927087,0.000002216,2261.71,2205,2205,0,139831.39,292080.2,292080.2,0,0,1066,2775,15526,22517,15526,22517,,-99.93,-95.59,-95.59,0,0,0,1,,1790934675,0,0,181,1500,461,1784,461,1784,100.0
1790934643,4f2KJaR5QTKKi3U6b1N6Bkjo6tkhQ64kaxc6uZhCfZ4X,GTA 6 Coin,CuG9mkCGJGPDUhdMHQbjNrfW4HV4m8GYBtBTqqSgwfyT,pumpswap,1790927142,0.000002180,2190.68,2180,2180,0,0,46096.51,46096.51,0,0,0,0,2758,4314,2758,4314,,,-95.66,-95.66,0,0,0,1,,1790934675,0,0,0,0,349,2526,349,2526,100.0
1790934647,HRhf8umQ5rqxCSD7QrQeeTdoNrLg987wQDTDArj8pump,fkaAI,5f4vR2YC2dAfnadZBrnEp5yCvcV2YjK5tHXvWohdSqfh,pumpswap,1790931323,0.00003840,16150.49,37112,37112,2305.05,140193.38,140193.38,140193.38,47,44,2270,1767,2270,1767,2270,1767,-8.22,-22.37,-22.37,-22.37,10,0,1,1,,1790934675,0,12,1009,877,1009,877,1009,877,100.0
1790934647,JERpqiXG9wLuWcbSi51uaqjYzTDd6Tj9VGgpAgik6EW,Netizen,4LykWqvVpE1LmSSYN585EFewvkgFPePnWGojopWsUXPp,pumpswap,1790920802,0.00003484,15239.65,33393,33393,1258.07,14915.38,232607.31,232607.31,4,6,144,119,2410,2060,2410,2060,-12.16,-8.42,-30.82,-30.82,0,2,1,1,,1790934675,4,7,85,76,1026,934,1026,934,100.0
1790934645,Aq1CMBoKpYaZEigG3AzWoxNnUa4356uhXosYd9enpump,GVF,F4cGKvbHXR356xCMDsydGA52EK7JXNDPbFBegcJUeMVa,pumpfun,1790922734,0.00002036,,20364.81,20364.81,49.38,8423.88,60281.51,60281.51,3,1,138,80,689,603,689,603,-0.14,-14.5,460,460,500,1,1,1,,1790934675,3,1,82,61,388,254,388,254,100.0
1790934642,13xBzyaPiJ5iUUGoQxMkeCmHG6YBrMRgW1DLpNFZFRgW,SGI,ABWwsyA4E648TUF2HheWAdphrx6JuvYgkvJ5N8gr8pu,meteoradbc,1790929310,0.00008298,,82985.52,82985.52,0,0,2805.43,2805.43,0,0,0,0,42,49,42,49,,,431,431,0,0,0,1,,1790934675,0,0,0,0,39,44,39,44,
1790934646,Fb8KgW27VxoPd5tcQsn3mwEDQC1rRY6h9X3jz4is9JmY,HOTPACK,4LxzstAAUWju165MiZ5YWCzovkrJw94298DmxUXB1xV5,meteoradbc,1790929372,0.00004091,,40915.53,40915.53,0,0,8073.62,8073.62,0,0,0,0,314,345,314,345,,,171,171,0,0,0,1,,1790934675,0,0,0,0,130,122,130,122,
1790934645,AukhJT5TuGPH9qKL515cVb31vNgmzjnXcQntjtXXpump,DIT,CMoFYkTV1W3VgEv4BZsMVBFDjp29AsM1PRL8Xprj65Gb,pumpswap,1790929427,0.0005152,66328.59,500026,500026,49019.11,552275.92,730103.14,730103.14,197,155,2394,2202,3575,3281,3575,3281,68.99,68.38,916,916,0,0,1,1,,1790934675,31,28,1071,745,1777,1355,1777,1355,100.0
1790934643,3yThPp8Y9Zbt2N3no1yrcVMo623nV6pq7jDujPp53Vh9,MEMAI,BWsxRRsh8C6Ug152N9WriUqDJdL3u1DfMddLaQ3fMx5A,meteoradbc,1790929276,0.00004251,,42510.33,42510.33,0,0,5450.31,5450.31,0,0,0,0,139,166,139,166,,,160,160,0,0,0,1,,1790934675,0,0,0,0,108,118,108,118,
1790934644,862YDYXyuZJUmuo5nBZymLaNPo4W5JV6J12KeWym32Ca,‮OAG,DLUJGfo2SHtw2WiSJ7AQPSsKncUu1nK1sy1AgWTtkn4o,meteoradbc,1790929342,0.006111,,6111360.95,6111360.95,0,0,651.66,651.66,0,0,0,0,81,19,81,19,,,17.19,17.19,0,0,0,1,,1790934675,0,0,0,0,4,2,4,2,
1790934644,6NynHTkUuqpLg6i9PgkcZAFCq2jiVYWNdFnVqCbDJ5J,HOTPACK,6hy3biJi7Z2zckfrk4YLG8NYjSXi66BmD9rqxPCC6cgW,meteoradbc,1790929261,0.00003822,,38224.33,38224.33,0,0,3591.29,3591.29,0,0,0,0,117,139,117,139,,,153,153,0,0,0,1,,1790934675,0,0,0,0,82,104,82,104,
1790934646,ERu7vbTVrsevpuMoYmSk2zqBPrhHxU9itTc7FrKftTwr,AGI,Br9htS6a8u5YGxkeE8oc41ZbH89mVMHWgx69XfCWsR3F,pumpswap,1790928823,0.00001391,9157.08,13423,13423,1223.09,18302.19,678132.77,678132.77,21,11,296,257,5416,4967,5416,4967,32.59,-20.25,-72.37,-72.37,0,0,0,1,,1790934675,7,5,121,146,1969,1802,1969,1802,100.0
1790934644,5PcZbjzCwHMZqZVMr8K7NiMSenaMER1tYfuAo9aqpump,LV,CsFnazw7RKaUxpUT5Nr5bHFPX7cg5zLzUeKAoxLqvJZm,pumpswap,1790928387,0.000002188,2216.39,2189,2189,0,0,154079.79,154079.79,0,0,0,0,11673,11605,11673,11605,,,-95.68,-95.68,0,0,0,1,,1790934675,0,0,0,0,2321,2203,2321,2203,100.0
1790934645,9p9Dzwcsv1P3jMeMPqZTC3ywqgL45qL2R2VkCrfHMsby,SGI,8a96pMnpVyKF5NSyDvbeu2RBSpspSVu4ozfygVAwzWfp,pumpswap,1790928175,0.00002097,11901.83,20434,20434,2704.67,94319.72,975009.63,975009.63,27,37,1086,800,7092,6116,7092,6116,-20.87,15.58,-58.55,-58.55,0,0,0,1,,1790934675,12,12,481,398,2438,2173,2438,2173,100.0
1790934642,2mTAy2ovMFtfgNBPqJ9yMsiujFdwH71xS3xAUEq5pump,MEMAI,EZdcazYcsQkDhsT4hVgqfUfr18ZHMztfTxRtifxztsha,pumpswap,1790927523,0.000002190,2216.36,2190,2190,0,0,135114.45,135114.45,0,0,0,0,15366,16257,15366,16257,,,-95.65,-95.65,0,0,0,1,,1790934675,0,0,0,0,957,2117,957,2117,100.0
1790934644,7NG5UyLjYv647snrn9rRuMw4qhEytoUJFwzghRBTVDC,www,DjrxgD885Gppp9PZNR4ESgLFrDW7fatyQ1c2bRFDC3CJ,pumpswap,1790928393,0.000001292,203179.5,129267,129267,733250.37,10146489.91,15612321.29,15612321.29,795,502,10169,6680,16578,10482,16578,10482,0.13,9.64,146,146,0,0,0,1,,1790934675,82,20,1982,21,2022,36,2022,36,0.0000000000493125500955469
1790934646,F1fxypJdCQiJRex9yQ7P19AQ41DUnjdR5bYWvG7VnxXe,OM,DoFA56sEs2CJnQLroSYLb5wV2sqHcerxYcitS812baVq,meteoradbc,1790928682,0.00004958,,49588.56,49588.56,0,0,18842.5,18842.5,0,0,0,0,695,678,695,678,,,199,199,0,0,0,1,,1790934675,0,0,0,0,202,192,202,192,
1790934645,8tPHPus7JpBFcNoAsK2dawE32Ad7WWuJT6cVDV5ReDuF,RSI,C3EnP7Lwo3tE4UmG8ettzysgY3QcsN8fVgC37EehLxXk,pumpswap,1790934244,0.00004109,16634.62,41096,41096,8683.92,24281.74,24281.74,24281.74,91,387,208,516,208,516,208,516,19.23,-18.28,-18.28,-18.28,0,0,1,1,,1790934663,12,13,171,119,171,119,171,119,
1790934648,c17N1z7KdUGeUSYyAzxXPYvBT97B29Jm55xfc4N3YaW,JENNYNARRA,7cd4ggjDxn9c81jA5Ba79ChbgCvqvLchg3uGZEi6Q83P,pumpswap,1790932155,0.00003246,14625.58,32469,32469,2270.2,113000.37,113000.37,113000.37,31,22,1137,1059,1137,1059,1137,1059,0.84,-32.92,-32.92,-32.92,0,1,1,1,,1790934663,31,28,532,525,532,525,532,525,100.0
1790934646,E9Jgd2LxMf5ye6DPrTan5mPv1wY6ev6eUf8F4M4pNfYR,SGI,2kY6NuiFPnq4Jpb8PmXGPCMnamTv4iHRyCFzXqw33b1Q,meteoradbc,1790930817,0.00003500,,35009.55,35009.55,0,0,22776.17,22776.17,0,0,0,0,444,542,444,542,,,119,119,0,0,0,1,,1790934663,0,0,0,0,175,168,175,168,
1790934646,EdYGXEiSKG2Jfd13ieTRPCcJeBjqRMTdBEjsRdWxRGqC,MGHST,5pqHKiDbjF2DkvMPRe1QHrLoUT9RkvcrpruJAf9GNZgR,meteoradbc,1790930709,0.00004018,,40183.79,40183.79,0,0,18601.61,18601.61,0,0,0,0,397,495,397,495,,,116,116,0,0,0,1,,1790934663,0,0,0,0,144,133,144,133,
1790934647,GMrrSfP1afjDmAAaGCTZSUXSr82d7yQFaanDw74USdh5,SGI,EF7gfpJdUdbnjoXS6p4QGpSPtXVGjSn2CcxCWhLTeGfp,meteoradbc,1790930810,0.00008466,,84660.75,84660.75,0,0,2818.05,2818.05,0,0,0,0,56,52,56,52,,,444,444,0,0,0,1,,1790934663,0,0,0,0,50,48,50,48,
1790934645,B7kiEGmfR6bF9QmZM9kbYKNm6yQrzsVmdoS5v8CNVCWW,MIM,GqRyuiYWp9cfV7HB985BLFUGWG6Gfo8M5QCB2CP4ijon,meteoradbc,1790930748,0.0001270,,127077.18,127077.18,0,0,9720.3,9720.3,0,0,0,0,176,244,176,244,,,835,835,0,0,0,1,,1790934663,0,0,0,0,141,159,141,159,
1790934644,785Hqb1yn5xNHga1dzXRCjBYd4DseXyjWrnxWqUHeDV3,MIM,6YwK4tAziQRwpAF5EdZ5wKUudrPRVEq6fh633t9ekZpJ,meteoradbc,1790930866,0.0001329,,132901.79,132901.79,0,0,6455.11,6455.11,0,0,0,0,100,150,100,150,,,879,879,0,0,0,1,,1790934663,0,0,0,0,88,118,88,118,
1790934643,3FCniHrVe1RVxYCHQxrS912P5XEC9jpkkbn1hCcTXiKU,REVENUE,D8bjx2Yk4RM8gvUcKsNFMhy25ixoxTdXFL2GnxoanJE7,pumpswap,1790929101,0.0001162,121849.63,116246,116246,813923.49,11505723.78,16327003.85,16327003.85,740,437,10450,6204,15357,8795,15357,8795,2.38,98.88,899,899,0,0,0,1,,1790934663,340,19,1982,25,2023,35,2023,35,0.00000000109556325877729
1790934644,68RUKJSkhT7Z9itn2tUhCzR7t2pbBahqjgG8qbkB5Dux,SGI,Dj5LNTFFCFPEHyA5sFEJgQ8Lrs3z2pHc4ZwLmVYDZD3D,pumpswap,1790929727,0.0002360,46190.49,230112,230112,20972.24,507087.62,1400492.6,1400492.6,193,125,4133,2923,10941,8828,10941,8828,-2.29,14.71,377,377,0,0,0,1,,1790934675,32,21,1290,1248,3261,2748,3261,2748,100.0
1790934643,4ghFqXZdLnakD591oFKhA2tD9q7pSfhBWfkVRs125GGL,SATOSHI,HTGSKCLTjV5HcfMTLKy9xWoKyBkfJV4vTXW7Po9HUrUv,pumpswap,1790930170,0.00001212,8213.54,11619,11619,3941.41,117672.73,337301.34,337301.34,49,36,1294,1154,3684,2997,3684,2997,-42.27,-79.96,-74.66,-74.66,0,0,0,1,,1790934675,36,38,566,705,1477,1363,1477,1363,100.0
1790934646,FXtZhqcLyeyezkQhZ5tT8YVr4ioGJYxQ87AaqVXi1Mm5,www,G8m4RSE5uomXWdHAHoAk5wZ4uuCvkFYZL7RDve4XGFvn,pumpswap,1790930048,0.0001300,219779.09,130031,130031,226901.04,8567867.89,11797659.67,11797659.67,192,92,5358,3977,7328,5542,7328,5542,0.46,28.58,88.42,88.42,0,0,0,1,,1790934675,57,18,1332,31,1847,38,1847,38,0.000000000429495687903434
1790934646,CQN2XwiCQh82Ghvp7MBdrpizE81i3WGjrNkdPJgBUEQw,Clanker,ESPD3VaB3pjTrYSQuisjWoFjwCCwFe878Hd4GfEmrewg,pumpswap,1790932670,0.00001894,10646.84,18949,18949,3204.03,188986.02,188986.02,188986.02,55,64,2481,2713,2481,2713,2481,2713,-2.26,-62.23,-62.23,-62.23,0,0,1,1,,1790934663,46,59,1083,1004,1083,1004,1083,1004,100.0
1790934646,F1xCLUZhi9qH7m3iPvqzUAwFSmindzZwkQrxDSdFiZSS,GTAVI,H51jQhaAhHhi3qBXZZrTSvhQo55gdmA6wZ6jPnkfccRd,pumpswap,1790931614,0.000004075,3792.27,3827,3827,0,116012.48,116012.48,116012.48,0,0,1349,1328,1349,1328,1349,1328,,-92.02,-92.02,-92.02,0,1,1,1,,1790934663,0,5,649,734,649,734,649,734,100.0
1790934646,Eq538ZBcxB2J4aZ4an4Rcs1zybfRYJCfJPHgTdYuoeGG,JLM,AdZAA1MfqGmvawXj3t3u26r8BQuoB8nwBoBpnEFUapE6,meteoradbc,1790932875,0.0001011,,101124.38,101124.38,0,30753.34,30753.34,30753.34,0,0,1422,1397,1422,1397,1422,1397,,16.82,16.82,16.82,0,0,0,1,,1790934663,0,0,127,112,127,112,127,112,
1790934642,2MY6bvCqXoDxxHWeyFsx2hVRj7f3AqtYo2Z8pzr7BAGS,POKEMON,2rYYWnBBaGAU49kaXrKbe8ZNXH2GTap38Y3QyqMhCkHR,bags,1790932867,0.00006831,,68316.7,68316.7,0,1.19,1.19,1.19,0,0,1,0,1,0,1,0,,,,,0,0,0,1,,1790934663,0,0,1,0,1,0,1,0,
1790934645,AsJc7nBYtkvLAEk431GLSKxVBrffkyEAgNkyVHh4BAGS,SKYNET,EqCsrTMB6CDA22RQCUBme3sGPYyEAehVeFnLWHExXWW,bags,1790932877,0.00006824,,68243.89,68243.89,0,2.38,2.38,2.38,0,0,1,1,1,1,1,1,,-0.11,-0.11,-0.11,0,0,0,1,,1790934663,0,0,1,1,1,1,1,1,
1790934646,EkkqtqDkRMq668aBNA7UA2m5EeQmgdGh9hVetVWhPKRr,trenchbot,b4qjUHYaEHU66iFqwaRgNg6rXA9mPmyuKKn2LD5pH8f,meteoradbc,1790932804,0.00004568,,45687.63,45687.63,0,10942.73,10942.73,10942.73,0,0,220,259,220,259,220,259,,172,172,172,0,0,0,1,,1790934663,0,0,140,163,140,163,140,163,
1790934644,6VvwKp2wDd7ZfWubTXdXAhr3Z9ME2ta9Y2wPpwghpump,WWM,D8vGXgrx3kn27UhZfBQ4QMRXJh7WoZHSauiN1XctWxvV,pumpswap,1790932836,0.000003623,3494.92,3623,3623,1.55,181596.14,181596.14,181596.14,0,2,1415,1686,1415,1686,1415,1686,-0.07,-92.85,-92.85,-92.85,0,0,0,1,,1790934663,0,2,817,879,817,879,817,879,100.0
1790934647,FoET2D9b4wDF9du7NkYyokfECwb6yXRLRsuhPhfYFstG,SI,F1BdaVx15fa2pZyQzPVhMATBEMgiZi1T2cNKZMHNDcMW,meteora,1790932449,0.00006237,40.24,62376,62376,0,1308723.4,1308723.4,1308723.4,0,0,4657,2904,4657,2904,4657,2904,,501,501,501,0,0,0,1,DYN2,1790934663,0,0,2048,106,2048,106,2048,106,0.0
1790934644,7ngwfr6D9sxDdmrQwXEGDQnEugPGhxjMxsWpreMBC1AW,Startup,432xLsBz2hsJ2VexgDCrrF3d4mc2W91d663AdZVJwotU,pumpswap,1790932494,0.00002211,0,22118,22118,0,808701.62,808701.62,808701.62,0,0,3041,2058,3041,2058,3041,2058,,108,108,108,0,0,0,1,,1790934663,0,0,1125,64,1125,64,1125,64,0.00000000109556325877729
1790934644,58jvMfpfZDhXLQFd7DNxDfHP4qhpdgon5it2DVLpump,KURO,9A6kEJ9yG7ANNng8CXmo2VZfxvjp7dsCGmbF47r8XnVf,pumpfun,1790933222,0.00002741,,27419.01,27419.01,2042.51,24603.86,24603.86,24603.86,15,12,103,43,103,43,103,43,-1.15,694,694,694,30,1,2,1,,1790934663,15,9,98,25,98,25,98,25,100.0
1790934646,CM69VvR611vNwDVCQ7VhUXAv9kTNak9RxCSvYHSiCyBh,Ouroboros,9mXmePZqTsBi1L4fR6KGyAPtUgmS6XdJy7LRFtFKENoL,pumpswap,1790933567,0.00001816,10349.7,18163,18163,9126.84,99732.25,99732.25,99732.25,91,85,1053,1892,1053,1892,1053,1892,-35.04,-63.72,-63.72,-63.72,0,0,1,1,,1790934663,88,81,579,532,579,532,579,532,100.0
1790934645,8VNjbN8EDtApD91Q3bip39SCVPnKa6xUEJ9HrB5BqnnJ,RAPE,4pFZ9MfKFDGUaHrvKkTiFuXDwFmwYf1vBdXwxfTTf847,meteora,1790934505,0.00001419,24242.27,14198,14198,46017.9,46017.9,46017.9,46017.9,223,259,223,259,223,259,223,259,34.09,34.09,34.09,34.09,0,0,0,1,DYN2,1790934663,115,70,115,70,115,70,115,70,
1790934647,JBSEY3fynM68iGWW8FrmWMpUPCjnVUQsXm7VJHXPJJq6,VAMP,8X1yrEMom2XsNLxsoK1K2SDQvay3u11S1eaCJJd8Lnqr,pumpswap,1790934471,0.00001412,24296.61,14120,14120,43123.99,43123.99,43123.99,43123.99,575,109,575,109,575,109,575,109,32.55,32.55,32.55,32.55,0,0,0,1,,1790934663,549,53,549,53,549,53,549,53,
1790934645,BT4c4VhkSCbMi1JWr5XmrwsySBMH4qB4eSB6NYFDHBmG,VAMP,7iJzAEb2sXL1s5fj8DFGzcYrVFrLStqQEnsXFkmrGETn,meteoradbc,1790934362,0.00004096,,40969.43,40969.43,11889.97,11889.97,11889.97,11889.97,523,552,523,552,523,552,523,552,173,173,173,173,0,0,0,1,,1790934663,199,181,199,181,199,181,199,181,
1790934645,8MDW62Jb1zS58QfW2MrWv3dGUZJrgzJMJGBt5iRUpump,win,5BeiMTJE84Uk3yJAsm8GZta1Yc64VLYcdXogKNKBJQPf,pumpfun,1790934497,0.00006835,,68354.76,68354.76,3201.57,3201.57,3201.57,3201.57,119,82,119,82,119,82,119,82,1899,1899,1899,1899,0,0,0,1,,1790934663,18,18,18,18,18,18,18,18,
1790934646,ERHB4UysYrY9f7sS1JfKtjZ6q6gZsrxHy4GKpYZ5pump,PUBG,3ErBdH7zcyVteWrcUMvEwAtnnbRrALX2dYVv7PYHnupL,pumpswap,1790934182,0.0005607,67244.87,560726,560726,7776.84,30134.23,30134.23,30134.23,901,779,2800,1135,2800,1135,2800,1135,15.59,1007,1007,1007,0,0,0,1,,1790934663,1255,312,2125,599,2125,599,2125,599,100.0
1790934643,455uZSiN3FQu9oicN4zSYADK3VFc8S5PQhQgHugEpump,ELON,9zE4Q3rSrX3EpfUKFH186qAmqZ29HiXT8SQD8kFkp3Nh,pumpswap,1790933671,0.0006263,71213.51,626313,626313,8425,37772.65,37772.65,37772.65,1997,1834,6747,6481,6747,6481,6747,6481,21.14,1137,1137,1137,0,0,0,1,,1790934663,241,208,815,736,815,736,815,736,100.0
1790934647,J5NRZRDn1AbKo2k6jyk9HXj13okxyAje4H9KfKMfZ6Af,AGNET,GBpJn5kRZEFizmGPYA6QhxdAnFQzJiEBbXsJUh6ntD3E,meteora,1790933988,0.00004311,42243.38,43113,43113,576160,1133148.27,1133148.27,1133148.27,1650,1383,3584,3824,3584,3824,3584,3824,89.19,316,316,316,0,0,0,1,DYN2,1790934663,1050,71,1811,88,1811,88,1811,88,
1790934645,8STjSfZSYrgp6crejrpsuJwLH7Cgko5CZPDv2rMJA9Yd,SIC,5yAwnoVYsHpJ6ZXKbYpju765gvRtkw6HqxNvfyzSRLtV,pumpswap,1790928645,0.0001280,105178.3,128059,128059,34177.39,447452.92,732626.48,732626.48,234,195,3062,2594,6063,4309,6063,4309,6.96,86.98,479,479,0,0,0,1,,1790934663,97,91,100,101,1121,114,1121,114,0.000000000776946063833039
1790934646,CoLoQ5L7FaXmVkNBrSg3vhXL2nJTDbRCQ7WV863rT1ua,ROGUE,Am1bhMkVU7HnhqDmkKJF6NcV7CQhgcTyoR4EZWJpG5iZ,meteoradbc,1790934070,0.00004195,,41956.62,41956.62,0,18874.16,18874.16,18874.16,0,0,637,714,637,714,637,714,,159,159,159,0,0,0,1,,1790934663,213,207,213,207,213,207,213,207,
1790934645,BP579bXKxfjH2B4DWLXwf5222h4141qzGqWKufw4vAsB,JENNYNARRA,DhzHq2k1seQ6KKqg91XdENdUQQSuqBVwh3ZRqckQNiLg,meteoradbc,1790934176,0.00008287,,82875.98,82875.98,0,2619.74,2619.74,2619.74,0,0,44,37,44,37,44,37,,434,434,434,0,0,0,1,,1790934663,41,34,41,34,41,34,41,34,
1790934644,71z2Lfn1bWzvLf8eAmLA8uPoq6WMX8ubTgqvLVjPZKwS,Anon,CgcaKsbAoJuEbFBWpuewXfeEoFuezys2vs1pcRqXxpoC,pumpswap,1790923525,0.0001864,109224.32,186403,186403,27989.57,367407.95,1112671.52,1112671.52,239,225,3083,2910,11447,8927,11447,8927,1.68,73.83,1121,1121,0,0,0,1,,1790934663,86,69,101,101,2129,123,2129,123,0.000000000922384045253975
